observed_at,asset_id,site_id,cell_id,is_operating,operating_state,voltage_raw,rotation_raw,pressure_raw,vibration_raw,relative_vibration_z,relative_vibration_zone,generator_version
2026-08-23T23:00:00+09:00,CMP-S02-L01-01,S02,S02-L01,1,running,164.2412,394.9315,93.9427,38.7809,-0.0638,A,relation-reasoning-agent-eval-v3.1
2026-08-23T23:00:00+09:00,CMP-S02-L02-01,S02,S02-L02,1,running,155.3164,363.6632,95.5168,42.3238,0.4039,A,relation-reasoning-agent-eval-v3.1
2026-08-23T23:00:00+09:00,CMP-S02-L03-01,S02,S02-L03,1,running,185.4679,422.9418,103.1181,37.0986,-0.8416,A,relation-reasoning-agent-eval-v3.1
2026-08-23T23:00:00+09:00,CMP-S02-L04-01,S02,S02-L04,1,running,205.3675,405.8258,104.3158,44.6757,0.5086,A,relation-reasoning-agent-eval-v3.1
2026-08-23T23:00:00+09:00,CMP-S02-L05-01,S02,S02-L05,1,running,157.1485,475.1384,86.9284,42.6987,0.4377,A,relation-reasoning-agent-eval-v3.1
2026-08-23T23:10:00+09:00,CMP-S02-L01-01,S02,S02-L01,1,running,162.0758,378.3756,98.7264,40.4298,0.2415,A,relation-reasoning-agent-eval-v3.1
2026-08-23T23:10:00+09:00,CMP-S02-L02-01,S02,S02-L02,1,running,167.564,320.7304,95.3219,44.3482,0.7788,A,relation-reasoning-agent-eval-v3.1
2026-08-23T23:10:00+09:00,CMP-S02-L03-01,S02,S02-L03,1,running,189.7711,452.313,105.1301,37.8638,-0.6999,A,relation-reasoning-agent-eval-v3.1
2026-08-23T23:10:00+09:00,CMP-S02-L04-01,S02,S02-L04,1,running,202.6086,417.313,97.5974,39.7288,-0.4075,A,relation-reasoning-agent-eval-v3.1
2026-08-23T23:10:00+09:00,CMP-S02-L05-01,S02,S02-L05,1,running,152.8586,465.845,91.4049,42.8525,0.4662,A,relation-reasoning-agent-eval-v3.1
2026-08-23T23:20:00+09:00,CMP-S02-L01-01,S02,S02-L01,1,running,174.5015,441.9242,99.723,40.3929,0.2347,A,relation-reasoning-agent-eval-v3.1
2026-08-23T23:20:00+09:00,CMP-S02-L02-01,S02,S02-L02,1,running,179.9506,361.0105,102.7609,47.4214,1.3479,B,relation-reasoning-agent-eval-v3.1
2026-08-23T23:20:00+09:00,CMP-S02-L03-01,S02,S02-L03,1,running,182.6942,485.6986,100.8755,38.2868,-0.6216,A,relation-reasoning-agent-eval-v3.1
2026-08-23T23:20:00+09:00,CMP-S02-L04-01,S02,S02-L04,1,running,198.8068,434.1311,89.8526,44.1145,0.4047,A,relation-reasoning-agent-eval-v3.1
2026-08-23T23:20:00+09:00,CMP-S02-L05-01,S02,S02-L05,1,running,153.2103,470.9141,94.4599,47.8908,1.3992,B,relation-reasoning-agent-eval-v3.1
2026-08-23T23:30:00+09:00,CMP-S02-L01-01,S02,S02-L01,1,running,186.3322,396.6075,101.7097,38.5975,-0.0978,A,relation-reasoning-agent-eval-v3.1
2026-08-23T23:30:00+09:00,CMP-S02-L02-01,S02,S02-L02,1,running,156.8732,398.2347,100.5201,43.4582,0.614,A,relation-reasoning-agent-eval-v3.1
2026-08-23T23:30:00+09:00,CMP-S02-L03-01,S02,S02-L03,1,running,191.4573,460.1374,109.794,32.1265,-1.7623,B,relation-reasoning-agent-eval-v3.1
2026-08-23T23:30:00+09:00,CMP-S02-L04-01,S02,S02-L04,1,running,186.6663,421.4024,93.3729,40.437,-0.2763,A,relation-reasoning-agent-eval-v3.1
2026-08-23T23:30:00+09:00,CMP-S02-L05-01,S02,S02-L05,1,running,144.0887,458.58,92.2537,47.5902,1.3435,B,relation-reasoning-agent-eval-v3.1
2026-08-23T23:40:00+09:00,CMP-S02-L01-01,S02,S02-L01,1,running,172.8849,384.0947,104.1966,40.987,0.3447,A,relation-reasoning-agent-eval-v3.1
2026-08-23T23:40:00+09:00,CMP-S02-L02-01,S02,S02-L02,1,running,146.2812,404.5157,103.566,47.546,1.371,B,relation-reasoning-agent-eval-v3.1
2026-08-23T23:40:00+09:00,CMP-S02-L03-01,S02,S02-L03,1,running,193.4965,401.1978,114.2305,28.2882,-2.4731,C,relation-reasoning-agent-eval-v3.1
2026-08-23T23:40:00+09:00,CMP-S02-L04-01,S02,S02-L04,1,running,176.3281,455.4571,88.5462,39.5461,-0.4413,A,relation-reasoning-agent-eval-v3.1
2026-08-23T23:40:00+09:00,CMP-S02-L05-01,S02,S02-L05,1,running,138.0056,442.2832,99.6582,38.3241,-0.3724,A,relation-reasoning-agent-eval-v3.1
2026-08-23T23:50:00+09:00,CMP-S02-L01-01,S02,S02-L01,1,running,179.9229,399.4449,98.5669,41.8659,0.5075,A,relation-reasoning-agent-eval-v3.1
2026-08-23T23:50:00+09:00,CMP-S02-L02-01,S02,S02-L02,1,running,146.2736,468.2994,97.9258,42.5685,0.4492,A,relation-reasoning-agent-eval-v3.1
2026-08-23T23:50:00+09:00,CMP-S02-L03-01,S02,S02-L03,1,running,177.1581,423.3029,110.019,35.5193,-1.134,B,relation-reasoning-agent-eval-v3.1
2026-08-23T23:50:00+09:00,CMP-S02-L04-01,S02,S02-L04,1,running,177.9259,430.1299,90.1993,46.8483,0.911,A,relation-reasoning-agent-eval-v3.1
2026-08-23T23:50:00+09:00,CMP-S02-L05-01,S02,S02-L05,1,running,142.1579,470.2421,95.4435,42.9815,0.4901,A,relation-reasoning-agent-eval-v3.1
2026-08-24T00:00:00+09:00,CMP-S02-L01-01,S02,S02-L01,1,running,176.2755,412.9332,101.5935,43.9396,0.8915,A,relation-reasoning-agent-eval-v3.1
2026-08-24T00:00:00+09:00,CMP-S02-L02-01,S02,S02-L02,1,running,147.6701,470.6394,100.2862,44.5519,0.8165,A,relation-reasoning-agent-eval-v3.1
2026-08-24T00:00:00+09:00,CMP-S02-L03-01,S02,S02-L03,1,running,187.1306,438.573,111.1148,39.6674,-0.3659,A,relation-reasoning-agent-eval-v3.1
2026-08-24T00:00:00+09:00,CMP-S02-L04-01,S02,S02-L04,1,running,179.1014,459.1397,91.7237,43.9688,0.3777,A,relation-reasoning-agent-eval-v3.1
2026-08-24T00:00:00+09:00,CMP-S02-L05-01,S02,S02-L05,1,running,154.9257,441.5393,93.7893,39.7519,-0.108,A,relation-reasoning-agent-eval-v3.1
2026-08-24T00:10:00+09:00,CMP-S02-L01-01,S02,S02-L01,1,running,168.4992,407.3617,102.7067,45.0272,1.0929,B,relation-reasoning-agent-eval-v3.1
2026-08-24T00:10:00+09:00,CMP-S02-L02-01,S02,S02-L02,1,running,153.8875,471.9923,97.0906,44.5517,0.8165,A,relation-reasoning-agent-eval-v3.1
2026-08-24T00:10:00+09:00,CMP-S02-L03-01,S02,S02-L03,1,running,186.6843,387.0999,107.4809,41.7255,0.0152,A,relation-reasoning-agent-eval-v3.1
2026-08-24T00:10:00+09:00,CMP-S02-L04-01,S02,S02-L04,1,running,181.1442,441.473,96.0619,41.6544,-0.0509,A,relation-reasoning-agent-eval-v3.1
2026-08-24T00:10:00+09:00,CMP-S02-L05-01,S02,S02-L05,1,running,170.8237,489.6334,96.764,43.3667,0.5614,A,relation-reasoning-agent-eval-v3.1
2026-08-24T00:20:00+09:00,CMP-S02-L01-01,S02,S02-L01,1,running,165.4128,419.9999,105.9892,44.6897,1.0304,B,relation-reasoning-agent-eval-v3.1
2026-08-24T00:20:00+09:00,CMP-S02-L02-01,S02,S02-L02,1,running,150.8446,486.5701,95.2684,43.1584,0.5585,A,relation-reasoning-agent-eval-v3.1
2026-08-24T00:20:00+09:00,CMP-S02-L03-01,S02,S02-L03,1,running,184.3524,409.4005,101.8966,45.7207,0.7551,A,relation-reasoning-agent-eval-v3.1
2026-08-24T00:20:00+09:00,CMP-S02-L04-01,S02,S02-L04,1,running,190.1057,405.861,92.5233,40.6215,-0.2422,A,relation-reasoning-agent-eval-v3.1
2026-08-24T00:20:00+09:00,CMP-S02-L05-01,S02,S02-L05,1,running,168.1142,454.9634,94.8486,45.4108,0.94,A,relation-reasoning-agent-eval-v3.1
2026-08-24T00:30:00+09:00,CMP-S02-L01-01,S02,S02-L01,1,running,155.5649,416.9297,102.3565,41.576,0.4538,A,relation-reasoning-agent-eval-v3.1
2026-08-24T00:30:00+09:00,CMP-S02-L02-01,S02,S02-L02,1,running,168.7987,501.674,100.5592,40.3313,0.0349,A,relation-reasoning-agent-eval-v3.1
2026-08-24T00:30:00+09:00,CMP-S02-L03-01,S02,S02-L03,1,running,180.8167,407.3839,101.606,41.8095,0.0308,A,relation-reasoning-agent-eval-v3.1
2026-08-24T00:30:00+09:00,CMP-S02-L04-01,S02,S02-L04,1,running,187.6532,395.5029,96.2432,43.1216,0.2208,A,relation-reasoning-agent-eval-v3.1
2026-08-24T00:30:00+09:00,CMP-S02-L05-01,S02,S02-L05,1,running,163.9776,477.2364,101.4764,46.7658,1.1909,B,relation-reasoning-agent-eval-v3.1
2026-08-24T00:40:00+09:00,CMP-S02-L01-01,S02,S02-L01,1,running,164.4051,414.7539,96.8139,43.1638,0.7478,A,relation-reasoning-agent-eval-v3.1
2026-08-24T00:40:00+09:00,CMP-S02-L02-01,S02,S02-L02,1,running,175.2997,489.9347,105.3054,38.673,-0.2722,A,relation-reasoning-agent-eval-v3.1
2026-08-24T00:40:00+09:00,CMP-S02-L03-01,S02,S02-L03,1,running,174.7361,395.6116,102.6088,37.3646,-0.7923,A,relation-reasoning-agent-eval-v3.1
2026-08-24T00:40:00+09:00,CMP-S02-L04-01,S02,S02-L04,1,running,194.681,357.6154,101.7221,40.4671,-0.2707,A,relation-reasoning-agent-eval-v3.1
2026-08-24T00:40:00+09:00,CMP-S02-L05-01,S02,S02-L05,1,running,159.4539,478.1838,106.1934,41.4234,0.2016,A,relation-reasoning-agent-eval-v3.1
2026-08-24T00:50:00+09:00,CMP-S02-L01-01,S02,S02-L01,1,running,159.8986,375.233,93.6765,43.5678,0.8226,A,relation-reasoning-agent-eval-v3.1
2026-08-24T00:50:00+09:00,CMP-S02-L02-01,S02,S02-L02,1,running,177.8821,470.1705,104.9269,34.8349,-0.9829,A,relation-reasoning-agent-eval-v3.1
2026-08-24T00:50:00+09:00,CMP-S02-L03-01,S02,S02-L03,1,running,163.2926,411.1447,104.364,37.6437,-0.7407,A,relation-reasoning-agent-eval-v3.1
2026-08-24T00:50:00+09:00,CMP-S02-L04-01,S02,S02-L04,1,running,203.6579,397.7284,100.1099,37.2952,-0.8581,A,relation-reasoning-agent-eval-v3.1
2026-08-24T00:50:00+09:00,CMP-S02-L05-01,S02,S02-L05,1,running,162.6016,433.3924,110.9455,41.994,0.3072,A,relation-reasoning-agent-eval-v3.1
2026-08-24T01:00:00+09:00,CMP-S02-L01-01,S02,S02-L01,1,running,157.2043,411.8745,100.1311,44.8214,1.0548,B,relation-reasoning-agent-eval-v3.1
2026-08-24T01:00:00+09:00,CMP-S02-L02-01,S02,S02-L02,1,running,171.1528,504.67,104.3165,32.0139,-1.5053,B,relation-reasoning-agent-eval-v3.1
2026-08-24T01:00:00+09:00,CMP-S02-L03-01,S02,S02-L03,1,running,176.0775,376.8444,95.9059,37.9189,-0.6897,A,relation-reasoning-agent-eval-v3.1
2026-08-24T01:00:00+09:00,CMP-S02-L04-01,S02,S02-L04,1,running,194.333,444.8028,97.8235,36.974,-0.9176,A,relation-reasoning-agent-eval-v3.1
2026-08-24T01:00:00+09:00,CMP-S02-L05-01,S02,S02-L05,1,running,161.4446,421.2885,110.5297,37.664,-0.4946,A,relation-reasoning-agent-eval-v3.1
2026-08-24T01:10:00+09:00,CMP-S02-L01-01,S02,S02-L01,1,running,164.3357,394.3519,99.5709,43.7141,0.8497,A,relation-reasoning-agent-eval-v3.1
2026-08-24T01:10:00+09:00,CMP-S02-L02-01,S02,S02-L02,1,running,161.9977,550.8718,102.1334,41.3221,0.2184,A,relation-reasoning-agent-eval-v3.1
2026-08-24T01:10:00+09:00,CMP-S02-L03-01,S02,S02-L03,1,running,167.567,411.2139,94.4723,40.0721,-0.2909,A,relation-reasoning-agent-eval-v3.1
2026-08-24T01:10:00+09:00,CMP-S02-L04-01,S02,S02-L04,1,running,183.0944,449.1432,103.8734,31.5468,-1.9227,B,relation-reasoning-agent-eval-v3.1
2026-08-24T01:10:00+09:00,CMP-S02-L05-01,S02,S02-L05,1,running,176.3222,415.7039,106.7183,39.8297,-0.0936,A,relation-reasoning-agent-eval-v3.1
2026-08-24T01:20:00+09:00,CMP-S02-L01-01,S02,S02-L01,1,running,159.1583,413.2534,105.4165,42.5527,0.6346,A,relation-reasoning-agent-eval-v3.1
2026-08-24T01:20:00+09:00,CMP-S02-L02-01,S02,S02-L02,1,running,157.2303,515.139,98.319,48.0991,1.4734,B,relation-reasoning-agent-eval-v3.1
2026-08-24T01:20:00+09:00,CMP-S02-L03-01,S02,S02-L03,1,running,179.3645,413.4368,95.4719,35.2231,-1.1889,B,relation-reasoning-agent-eval-v3.1
2026-08-24T01:20:00+09:00,CMP-S02-L04-01,S02,S02-L04,1,running,182.2283,421.823,106.2794,34.0934,-1.4511,B,relation-reasoning-agent-eval-v3.1
2026-08-24T01:20:00+09:00,CMP-S02-L05-01,S02,S02-L05,1,running,170.2561,453.6608,101.3723,36.0781,-0.7883,A,relation-reasoning-agent-eval-v3.1
2026-08-24T01:30:00+09:00,CMP-S02-L01-01,S02,S02-L01,1,running,167.2656,406.709,110.7107,47.3689,1.5265,B,relation-reasoning-agent-eval-v3.1
2026-08-24T01:30:00+09:00,CMP-S02-L02-01,S02,S02-L02,1,running,149.7949,479.9436,107.1025,41.313,0.2167,A,relation-reasoning-agent-eval-v3.1
2026-08-24T01:30:00+09:00,CMP-S02-L03-01,S02,S02-L03,1,running,164.8259,402.7877,96.8585,36.1292,-1.0211,B,relation-reasoning-agent-eval-v3.1
2026-08-24T01:30:00+09:00,CMP-S02-L04-01,S02,S02-L04,1,running,170.8882,409.6351,111.3511,37.6333,-0.7955,A,relation-reasoning-agent-eval-v3.1
2026-08-24T01:30:00+09:00,CMP-S02-L05-01,S02,S02-L05,1,running,195.3942,442.8828,101.1488,29.76,-1.9583,B,relation-reasoning-agent-eval-v3.1
2026-08-24T01:40:00+09:00,CMP-S02-L01-01,S02,S02-L01,1,running,175.8766,445.0083,105.0368,46.9392,1.447,B,relation-reasoning-agent-eval-v3.1
2026-08-24T01:40:00+09:00,CMP-S02-L02-01,S02,S02-L02,1,running,136.8312,532.3167,104.5551,43.1229,0.5519,A,relation-reasoning-agent-eval-v3.1
2026-08-24T01:40:00+09:00,CMP-S02-L03-01,S02,S02-L03,1,running,173.3004,422.9727,101.2397,40.7256,-0.1699,A,relation-reasoning-agent-eval-v3.1
2026-08-24T01:40:00+09:00,CMP-S02-L04-01,S02,S02-L04,1,running,180.0782,457.2396,112.946,44.5644,0.488,A,relation-reasoning-agent-eval-v3.1
2026-08-24T01:40:00+09:00,CMP-S02-L05-01,S02,S02-L05,1,running,176.0853,414.6551,98.0823,28.8599,-2.125,C,relation-reasoning-agent-eval-v3.1
2026-08-24T01:50:00+09:00,CMP-S02-L01-01,S02,S02-L01,1,running,178.7493,405.2732,105.9355,46.5457,1.3741,B,relation-reasoning-agent-eval-v3.1
2026-08-24T01:50:00+09:00,CMP-S02-L02-01,S02,S02-L02,1,running,137.5735,514.3354,110.1781,53.1051,2.4004,C,relation-reasoning-agent-eval-v3.1
2026-08-24T01:50:00+09:00,CMP-S02-L03-01,S02,S02-L03,1,running,185.5733,420.5358,102.1504,36.0253,-1.0403,B,relation-reasoning-agent-eval-v3.1
2026-08-24T01:50:00+09:00,CMP-S02-L04-01,S02,S02-L04,1,running,179.2896,472.2003,108.8666,56.6246,2.7214,C,relation-reasoning-agent-eval-v3.1
2026-08-24T01:50:00+09:00,CMP-S02-L05-01,S02,S02-L05,1,running,157.9378,440.2567,100.674,27.2731,-2.4189,C,relation-reasoning-agent-eval-v3.1
2026-08-24T02:00:00+09:00,CMP-S02-L01-01,S02,S02-L01,1,running,179.3718,459.4645,104.5905,39.6624,0.0994,A,relation-reasoning-agent-eval-v3.1
2026-08-24T02:00:00+09:00,CMP-S02-L02-01,S02,S02-L02,1,running,152.1353,515.9561,108.8101,43.8892,0.6938,A,relation-reasoning-agent-eval-v3.1
2026-08-24T02:00:00+09:00,CMP-S02-L03-01,S02,S02-L03,1,running,190.7978,419.6957,109.2597,43.7143,0.3835,A,relation-reasoning-agent-eval-v3.1
2026-08-24T02:00:00+09:00,CMP-S02-L04-01,S02,S02-L04,1,running,193.8491,447.223,103.402,52.1625,1.8951,B,relation-reasoning-agent-eval-v3.1
2026-08-24T02:00:00+09:00,CMP-S02-L05-01,S02,S02-L05,1,running,164.2174,433.4487,98.2825,30.4405,-1.8323,B,relation-reasoning-agent-eval-v3.1
2026-08-24T02:10:00+09:00,CMP-S02-L01-01,S02,S02-L01,1,running,183.71,483.4403,103.6154,39.3882,0.0486,A,relation-reasoning-agent-eval-v3.1
2026-08-24T02:10:00+09:00,CMP-S02-L02-01,S02,S02-L02,1,running,150.504,495.1785,104.8604,38.6966,-0.2678,A,relation-reasoning-agent-eval-v3.1
2026-08-24T02:10:00+09:00,CMP-S02-L03-01,S02,S02-L03,1,running,194.189,425.2323,105.0548,44.0842,0.452,A,relation-reasoning-agent-eval-v3.1
2026-08-24T02:10:00+09:00,CMP-S02-L04-01,S02,S02-L04,1,running,198.986,453.6057,99.2433,58.4729,3.0637,D,relation-reasoning-agent-eval-v3.1
2026-08-24T02:10:00+09:00,CMP-S02-L05-01,S02,S02-L05,1,running,150.3851,405.9794,99.9857,35.8652,-0.8277,A,relation-reasoning-agent-eval-v3.1
2026-08-24T02:20:00+09:00,CMP-S02-L01-01,S02,S02-L01,1,running,174.8573,438.7399,97.9408,44.5801,1.0101,B,relation-reasoning-agent-eval-v3.1
2026-08-24T02:20:00+09:00,CMP-S02-L02-01,S02,S02-L02,1,running,143.1534,477.7589,110.2716,33.3236,-1.2628,B,relation-reasoning-agent-eval-v3.1
2026-08-24T02:20:00+09:00,CMP-S02-L03-01,S02,S02-L03,1,running,183.1683,437.048,101.8936,43.3299,0.3123,A,relation-reasoning-agent-eval-v3.1
2026-08-24T02:20:00+09:00,CMP-S02-L04-01,S02,S02-L04,1,running,200.4574,448.8184,101.2291,59.9669,3.3403,D,relation-reasoning-agent-eval-v3.1
2026-08-24T02:20:00+09:00,CMP-S02-L05-01,S02,S02-L05,1,running,148.2836,432.6079,99.544,39.2625,-0.1986,A,relation-reasoning-agent-eval-v3.1
2026-08-24T02:30:00+09:00,CMP-S02-L01-01,S02,S02-L01,1,running,167.3399,425.6161,102.5724,36.7389,-0.442,A,relation-reasoning-agent-eval-v3.1
2026-08-24T02:30:00+09:00,CMP-S02-L02-01,S02,S02-L02,1,running,153.9007,480.783,114.1579,32.3912,-1.4355,B,relation-reasoning-agent-eval-v3.1
2026-08-24T02:30:00+09:00,CMP-S02-L03-01,S02,S02-L03,1,running,185.0399,437.8098,105.5465,37.6777,-0.7344,A,relation-reasoning-agent-eval-v3.1
2026-08-24T02:30:00+09:00,CMP-S02-L04-01,S02,S02-L04,1,running,180.4019,459.1563,99.7214,53.9168,2.2199,C,relation-reasoning-agent-eval-v3.1
2026-08-24T02:30:00+09:00,CMP-S02-L05-01,S02,S02-L05,1,running,137.5248,401.6364,98.5831,37.0518,-0.608,A,relation-reasoning-agent-eval-v3.1
2026-08-24T02:40:00+09:00,CMP-S02-L01-01,S02,S02-L01,1,running,159.8977,419.9878,110.11,36.4932,-0.4875,A,relation-reasoning-agent-eval-v3.1
2026-08-24T02:40:00+09:00,CMP-S02-L02-01,S02,S02-L02,1,running,137.0296,496.1275,107.3308,29.0162,-2.0605,C,relation-reasoning-agent-eval-v3.1
2026-08-24T02:40:00+09:00,CMP-S02-L03-01,S02,S02-L03,1,running,172.5647,442.1388,102.4667,35.502,-1.1373,B,relation-reasoning-agent-eval-v3.1
2026-08-24T02:40:00+09:00,CMP-S02-L04-01,S02,S02-L04,1,running,184.0938,501.0692,101.5409,47.0453,0.9474,A,relation-reasoning-agent-eval-v3.1
2026-08-24T02:40:00+09:00,CMP-S02-L05-01,S02,S02-L05,1,running,134.7837,409.2368,92.9022,41.3007,0.1788,A,relation-reasoning-agent-eval-v3.1
2026-08-24T02:50:00+09:00,CMP-S02-L01-01,S02,S02-L01,1,running,170.7519,430.3131,100.7061,29.5687,-1.7698,B,relation-reasoning-agent-eval-v3.1
2026-08-24T02:50:00+09:00,CMP-S02-L02-01,S02,S02-L02,1,running,165.8672,464.3539,108.205,31.1803,-1.6597,B,relation-reasoning-agent-eval-v3.1
2026-08-24T02:50:00+09:00,CMP-S02-L03-01,S02,S02-L03,1,running,167.1532,498.0403,99.1562,34.7843,-1.2702,B,relation-reasoning-agent-eval-v3.1
2026-08-24T02:50:00+09:00,CMP-S02-L04-01,S02,S02-L04,1,running,179.8778,482.5786,104.6435,43.1965,0.2347,A,relation-reasoning-agent-eval-v3.1
2026-08-24T02:50:00+09:00,CMP-S02-L05-01,S02,S02-L05,1,running,135.7298,379.5485,93.2192,43.3148,0.5518,A,relation-reasoning-agent-eval-v3.1
2026-08-24T03:00:00+09:00,CMP-S02-L01-01,S02,S02-L01,1,running,167.2152,454.0435,96.5227,32.7637,-1.1781,B,relation-reasoning-agent-eval-v3.1
2026-08-24T03:00:00+09:00,CMP-S02-L02-01,S02,S02-L02,1,running,183.1398,443.0745,102.9124,34.2932,-1.0832,B,relation-reasoning-agent-eval-v3.1
2026-08-24T03:00:00+09:00,CMP-S02-L03-01,S02,S02-L03,1,running,173.9732,451.7419,97.2314,44.7391,0.5733,A,relation-reasoning-agent-eval-v3.1
2026-08-24T03:00:00+09:00,CMP-S02-L04-01,S02,S02-L04,1,running,185.2144,472.6144,106.6453,41.5736,-0.0658,A,relation-reasoning-agent-eval-v3.1
2026-08-24T03:00:00+09:00,CMP-S02-L05-01,S02,S02-L05,1,running,127.1493,383.288,98.4207,40.6558,0.0594,A,relation-reasoning-agent-eval-v3.1
2026-08-24T03:10:00+09:00,CMP-S02-L01-01,S02,S02-L01,1,running,168.8419,427.9707,90.3646,30.4385,-1.6087,B,relation-reasoning-agent-eval-v3.1
2026-08-24T03:10:00+09:00,CMP-S02-L02-01,S02,S02-L02,1,running,182.6457,439.7803,99.5921,35.6044,-0.8404,A,relation-reasoning-agent-eval-v3.1
2026-08-24T03:10:00+09:00,CMP-S02-L03-01,S02,S02-L03,1,running,190.7682,448.5661,97.1187,43.1822,0.285,A,relation-reasoning-agent-eval-v3.1
2026-08-24T03:10:00+09:00,CMP-S02-L04-01,S02,S02-L04,1,running,176.1392,486.2676,113.084,43.6244,0.3139,A,relation-reasoning-agent-eval-v3.1
2026-08-24T03:10:00+09:00,CMP-S02-L05-01,S02,S02-L05,1,running,127.9553,379.1288,94.3035,35.9164,-0.8183,A,relation-reasoning-agent-eval-v3.1
2026-08-24T03:20:00+09:00,CMP-S02-L01-01,S02,S02-L01,1,running,180.2775,489.3781,96.1858,34.0141,-0.9466,A,relation-reasoning-agent-eval-v3.1
2026-08-24T03:20:00+09:00,CMP-S02-L02-01,S02,S02-L02,1,running,187.2154,472.2323,101.4367,39.455,-0.1274,A,relation-reasoning-agent-eval-v3.1
2026-08-24T03:20:00+09:00,CMP-S02-L03-01,S02,S02-L03,1,running,183.3821,474.3439,98.7921,44.4689,0.5233,A,relation-reasoning-agent-eval-v3.1
2026-08-24T03:20:00+09:00,CMP-S02-L04-01,S02,S02-L04,1,running,187.3061,488.3775,114.7767,40.552,-0.255,A,relation-reasoning-agent-eval-v3.1
2026-08-24T03:20:00+09:00,CMP-S02-L05-01,S02,S02-L05,1,running,138.0383,393.1109,92.7912,35.7653,-0.8462,A,relation-reasoning-agent-eval-v3.1
2026-08-24T03:30:00+09:00,CMP-S02-L01-01,S02,S02-L01,1,running,186.5959,505.8365,101.7305,34.4116,-0.873,A,relation-reasoning-agent-eval-v3.1
2026-08-24T03:30:00+09:00,CMP-S02-L02-01,S02,S02-L02,1,running,186.5042,523.2444,101.9869,40.9536,0.1502,A,relation-reasoning-agent-eval-v3.1
2026-08-24T03:30:00+09:00,CMP-S02-L03-01,S02,S02-L03,1,running,198.131,440.4061,95.3393,43.118,0.2731,A,relation-reasoning-agent-eval-v3.1
2026-08-24T03:30:00+09:00,CMP-S02-L04-01,S02,S02-L04,1,running,172.0505,520.1246,114.045,40.4381,-0.2761,A,relation-reasoning-agent-eval-v3.1
2026-08-24T03:30:00+09:00,CMP-S02-L05-01,S02,S02-L05,1,running,148.2898,445.8821,97.2914,36.9969,-0.6182,A,relation-reasoning-agent-eval-v3.1
2026-08-24T03:40:00+09:00,CMP-S02-L01-01,S02,S02-L01,1,running,175.4878,488.4877,105.5206,35.4433,-0.6819,A,relation-reasoning-agent-eval-v3.1
2026-08-24T03:40:00+09:00,CMP-S02-L02-01,S02,S02-L02,1,running,168.9496,505.7959,102.8154,41.8869,0.323,A,relation-reasoning-agent-eval-v3.1
2026-08-24T03:40:00+09:00,CMP-S02-L03-01,S02,S02-L03,1,running,184.3202,440.6888,95.1767,45.9042,0.7891,A,relation-reasoning-agent-eval-v3.1
2026-08-24T03:40:00+09:00,CMP-S02-L04-01,S02,S02-L04,1,running,177.1667,522.3923,102.3083,41.2084,-0.1335,A,relation-reasoning-agent-eval-v3.1
2026-08-24T03:40:00+09:00,CMP-S02-L05-01,S02,S02-L05,1,running,154.674,434.603,92.9909,36.8978,-0.6365,A,relation-reasoning-agent-eval-v3.1
2026-08-24T03:50:00+09:00,CMP-S02-L01-01,S02,S02-L01,1,running,165.7543,468.236,103.4089,38.1177,-0.1867,A,relation-reasoning-agent-eval-v3.1
2026-08-24T03:50:00+09:00,CMP-S02-L02-01,S02,S02-L02,1,running,169.8186,472.3327,103.6765,40.3394,0.0364,A,relation-reasoning-agent-eval-v3.1
2026-08-24T03:50:00+09:00,CMP-S02-L03-01,S02,S02-L03,1,running,181.515,401.7216,90.5882,44.8325,0.5906,A,relation-reasoning-agent-eval-v3.1
2026-08-24T03:50:00+09:00,CMP-S02-L04-01,S02,S02-L04,1,running,191.9346,506.5066,101.2288,40.9516,-0.181,A,relation-reasoning-agent-eval-v3.1
2026-08-24T03:50:00+09:00,CMP-S02-L05-01,S02,S02-L05,1,running,159.466,427.8716,99.3605,38.9415,-0.2581,A,relation-reasoning-agent-eval-v3.1
2026-08-24T04:00:00+09:00,CMP-S02-L01-01,S02,S02-L01,1,running,172.145,518.937,103.287,39.9592,0.1544,A,relation-reasoning-agent-eval-v3.1
2026-08-24T04:00:00+09:00,CMP-S02-L02-01,S02,S02-L02,1,running,167.187,554.8489,103.3874,47.2767,1.3211,B,relation-reasoning-agent-eval-v3.1
2026-08-24T04:00:00+09:00,CMP-S02-L03-01,S02,S02-L03,1,running,182.0355,398.2329,84.2858,43.0002,0.2513,A,relation-reasoning-agent-eval-v3.1
2026-08-24T04:00:00+09:00,CMP-S02-L04-01,S02,S02-L04,1,running,184.0315,506.1639,105.3126,45.82,0.7205,A,relation-reasoning-agent-eval-v3.1
2026-08-24T04:00:00+09:00,CMP-S02-L05-01,S02,S02-L05,1,running,185.0643,434.9087,100.4552,34.1608,-1.1434,B,relation-reasoning-agent-eval-v3.1
2026-08-24T04:10:00+09:00,CMP-S02-L01-01,S02,S02-L01,1,running,169.2804,511.3468,105.2965,33.2232,-1.0931,B,relation-reasoning-agent-eval-v3.1
2026-08-24T04:10:00+09:00,CMP-S02-L02-01,S02,S02-L02,1,running,160.3885,546.0757,107.2489,46.1101,1.1051,B,relation-reasoning-agent-eval-v3.1
2026-08-24T04:10:00+09:00,CMP-S02-L03-01,S02,S02-L03,1,running,196.8338,381.0059,90.329,45.1206,0.644,A,relation-reasoning-agent-eval-v3.1
2026-08-24T04:10:00+09:00,CMP-S02-L04-01,S02,S02-L04,1,running,192.7147,508.1957,98.7658,43.3269,0.2589,A,relation-reasoning-agent-eval-v3.1
2026-08-24T04:10:00+09:00,CMP-S02-L05-01,S02,S02-L05,1,running,185.8297,430.6333,100.2345,32.5353,-1.4444,B,relation-reasoning-agent-eval-v3.1
2026-08-24T04:20:00+09:00,CMP-S02-L01-01,S02,S02-L01,1,running,172.8002,492.7113,107.8164,37.6977,-0.2644,A,relation-reasoning-agent-eval-v3.1
2026-08-24T04:20:00+09:00,CMP-S02-L02-01,S02,S02-L02,1,running,168.6864,563.2753,107.5663,41.0765,0.1729,A,relation-reasoning-agent-eval-v3.1
2026-08-24T04:20:00+09:00,CMP-S02-L03-01,S02,S02-L03,1,running,186.1853,381.9322,93.1112,43.5456,0.3523,A,relation-reasoning-agent-eval-v3.1
2026-08-24T04:20:00+09:00,CMP-S02-L04-01,S02,S02-L04,1,running,191.3677,521.6014,106.7148,46.6523,0.8747,A,relation-reasoning-agent-eval-v3.1
2026-08-24T04:20:00+09:00,CMP-S02-L05-01,S02,S02-L05,1,running,184.8155,402.6288,98.7852,31.1163,-1.7072,B,relation-reasoning-agent-eval-v3.1
2026-08-24T04:30:00+09:00,CMP-S02-L01-01,S02,S02-L01,1,running,179.3929,448.6498,107.7808,39.6707,0.1009,A,relation-reasoning-agent-eval-v3.1
2026-08-24T04:30:00+09:00,CMP-S02-L02-01,S02,S02-L02,1,running,179.042,498.3801,107.3167,35.736,-0.8161,A,relation-reasoning-agent-eval-v3.1
2026-08-24T04:30:00+09:00,CMP-S02-L03-01,S02,S02-L03,1,running,197.2889,432.7546,95.3617,40.2539,-0.2573,A,relation-reasoning-agent-eval-v3.1
2026-08-24T04:30:00+09:00,CMP-S02-L04-01,S02,S02-L04,1,running,185.1842,504.5576,107.6363,48.118,1.1461,B,relation-reasoning-agent-eval-v3.1
2026-08-24T04:30:00+09:00,CMP-S02-L05-01,S02,S02-L05,1,running,168.837,452.6613,99.727,27.61,-2.3565,C,relation-reasoning-agent-eval-v3.1
2026-08-24T04:40:00+09:00,CMP-S02-L01-01,S02,S02-L01,1,running,197.1459,490.0938,107.8925,36.1279,-0.5551,A,relation-reasoning-agent-eval-v3.1
2026-08-24T04:40:00+09:00,CMP-S02-L02-01,S02,S02-L02,1,running,186.1134,425.6326,107.5791,37.1733,-0.5499,A,relation-reasoning-agent-eval-v3.1
2026-08-24T04:40:00+09:00,CMP-S02-L03-01,S02,S02-L03,1,running,192.3807,480.8324,93.6174,45.3832,0.6926,A,relation-reasoning-agent-eval-v3.1
2026-08-24T04:40:00+09:00,CMP-S02-L04-01,S02,S02-L04,1,running,163.8859,484.9246,105.7337,53.7475,2.1886,C,relation-reasoning-agent-eval-v3.1
2026-08-24T04:40:00+09:00,CMP-S02-L05-01,S02,S02-L05,1,running,162.9022,433.9842,103.8907,28.5953,-2.174,C,relation-reasoning-agent-eval-v3.1
2026-08-24T04:50:00+09:00,CMP-S02-L01-01,S02,S02-L01,1,running,188.1219,433.999,104.4478,40.7837,0.307,A,relation-reasoning-agent-eval-v3.1
2026-08-24T04:50:00+09:00,CMP-S02-L02-01,S02,S02-L02,1,running,169.2228,416.2128,99.5581,35.2105,-0.9134,A,relation-reasoning-agent-eval-v3.1
2026-08-24T04:50:00+09:00,CMP-S02-L03-01,S02,S02-L03,1,running,193.7358,468.3775,106.3913,37.8444,-0.7035,A,relation-reasoning-agent-eval-v3.1
2026-08-24T04:50:00+09:00,CMP-S02-L04-01,S02,S02-L04,1,running,176.057,485.5072,102.8313,50.6766,1.6199,B,relation-reasoning-agent-eval-v3.1
2026-08-24T04:50:00+09:00,CMP-S02-L05-01,S02,S02-L05,1,running,171.8461,455.6733,103.6111,29.7418,-1.9617,B,relation-reasoning-agent-eval-v3.1
2026-08-24T05:00:00+09:00,CMP-S02-L01-01,S02,S02-L01,1,running,210.8256,507.3976,108.9539,36.7786,-0.4346,A,relation-reasoning-agent-eval-v3.1
2026-08-24T05:00:00+09:00,CMP-S02-L02-01,S02,S02-L02,1,running,168.9084,455.0455,100.6302,33.0958,-1.305,B,relation-reasoning-agent-eval-v3.1
2026-08-24T05:00:00+09:00,CMP-S02-L03-01,S02,S02-L03,1,running,186.2205,433.8116,105.7837,39.3102,-0.432,A,relation-reasoning-agent-eval-v3.1
2026-08-24T05:00:00+09:00,CMP-S02-L04-01,S02,S02-L04,1,running,188.694,445.1997,103.8466,48.5345,1.2232,B,relation-reasoning-agent-eval-v3.1
2026-08-24T05:00:00+09:00,CMP-S02-L05-01,S02,S02-L05,1,running,160.7546,487.9401,100.9645,36.7153,-0.6703,A,relation-reasoning-agent-eval-v3.1
2026-08-24T05:10:00+09:00,CMP-S02-L01-01,S02,S02-L01,1,running,210.475,450.1811,105.4959,40.9743,0.3423,A,relation-reasoning-agent-eval-v3.1
2026-08-24T05:10:00+09:00,CMP-S02-L02-01,S02,S02-L02,1,running,144.1937,423.8652,101.6468,40.6817,0.0998,A,relation-reasoning-agent-eval-v3.1
2026-08-24T05:10:00+09:00,CMP-S02-L03-01,S02,S02-L03,1,running,181.9663,459.4073,111.207,40.1296,-0.2803,A,relation-reasoning-agent-eval-v3.1
2026-08-24T05:10:00+09:00,CMP-S02-L04-01,S02,S02-L04,1,running,186.9619,452.9256,103.6421,47.9175,1.109,B,relation-reasoning-agent-eval-v3.1
2026-08-24T05:10:00+09:00,CMP-S02-L05-01,S02,S02-L05,1,running,161.3747,496.9704,99.0009,34.9267,-1.0015,B,relation-reasoning-agent-eval-v3.1
2026-08-24T05:20:00+09:00,CMP-S02-L01-01,S02,S02-L01,1,running,224.8728,458.7816,101.7162,38.9244,-0.0373,A,relation-reasoning-agent-eval-v3.1
2026-08-24T05:20:00+09:00,CMP-S02-L02-01,S02,S02-L02,1,running,133.6552,458.1849,104.0381,40.9087,0.1418,A,relation-reasoning-agent-eval-v3.1
2026-08-24T05:20:00+09:00,CMP-S02-L03-01,S02,S02-L03,1,running,178.7615,477.528,109.0332,40.6716,-0.1799,A,relation-reasoning-agent-eval-v3.1
2026-08-24T05:20:00+09:00,CMP-S02-L04-01,S02,S02-L04,1,running,179.4023,457.8842,105.7139,37.5746,-0.8064,A,relation-reasoning-agent-eval-v3.1
2026-08-24T05:20:00+09:00,CMP-S02-L05-01,S02,S02-L05,1,running,176.157,507.3982,103.2496,30.2196,-1.8732,B,relation-reasoning-agent-eval-v3.1
2026-08-24T05:30:00+09:00,CMP-S02-L01-01,S02,S02-L01,1,running,215.9021,451.5879,105.3273,38.0106,-0.2065,A,relation-reasoning-agent-eval-v3.1
2026-08-24T05:30:00+09:00,CMP-S02-L02-01,S02,S02-L02,1,running,155.8698,507.7744,94.0641,39.8892,-0.0469,A,relation-reasoning-agent-eval-v3.1
2026-08-24T05:30:00+09:00,CMP-S02-L03-01,S02,S02-L03,1,running,171.385,429.7052,110.6313,40.3295,-0.2433,A,relation-reasoning-agent-eval-v3.1
2026-08-24T05:30:00+09:00,CMP-S02-L04-01,S02,S02-L04,1,running,181.451,442.3118,103.3218,38.8287,-0.5742,A,relation-reasoning-agent-eval-v3.1
2026-08-24T05:30:00+09:00,CMP-S02-L05-01,S02,S02-L05,1,running,155.9272,502.9063,109.5,34.3308,-1.1119,B,relation-reasoning-agent-eval-v3.1
2026-08-24T05:40:00+09:00,CMP-S02-L01-01,S02,S02-L01,1,running,188.6495,466.1855,104.6007,38.9966,-0.0239,A,relation-reasoning-agent-eval-v3.1
2026-08-24T05:40:00+09:00,CMP-S02-L02-01,S02,S02-L02,1,running,148.3535,482.1274,95.6619,35.1831,-0.9184,A,relation-reasoning-agent-eval-v3.1
2026-08-24T05:40:00+09:00,CMP-S02-L03-01,S02,S02-L03,1,running,168.6308,459.4062,105.9502,43.1767,0.284,A,relation-reasoning-agent-eval-v3.1
2026-08-24T05:40:00+09:00,CMP-S02-L04-01,S02,S02-L04,1,running,174.9691,479.3301,99.5929,43.7611,0.3393,A,relation-reasoning-agent-eval-v3.1
2026-08-24T05:40:00+09:00,CMP-S02-L05-01,S02,S02-L05,1,running,154.2009,469.1892,111.0175,32.5552,-1.4407,B,relation-reasoning-agent-eval-v3.1
2026-08-24T05:50:00+09:00,CMP-S02-L01-01,S02,S02-L01,1,running,193.6139,461.1434,99.7337,33.7313,-0.9989,A,relation-reasoning-agent-eval-v3.1
2026-08-24T05:50:00+09:00,CMP-S02-L02-01,S02,S02-L02,1,running,147.8977,431.7851,98.7161,27.5227,-2.337,C,relation-reasoning-agent-eval-v3.1
2026-08-24T05:50:00+09:00,CMP-S02-L03-01,S02,S02-L03,1,running,172.7772,466.5685,105.6667,34.8891,-1.2508,B,relation-reasoning-agent-eval-v3.1
2026-08-24T05:50:00+09:00,CMP-S02-L04-01,S02,S02-L04,1,running,176.8472,466.2392,101.8902,41.6919,-0.0439,A,relation-reasoning-agent-eval-v3.1
2026-08-24T05:50:00+09:00,CMP-S02-L05-01,S02,S02-L05,1,running,153.2981,460.1113,110.7143,38.0628,-0.4208,A,relation-reasoning-agent-eval-v3.1
2026-08-24T06:00:00+09:00,CMP-S02-L01-01,S02,S02-L01,1,running,214.9951,460.867,100.004,32.9224,-1.1488,B,relation-reasoning-agent-eval-v3.1
2026-08-24T06:00:00+09:00,CMP-S02-L02-01,S02,S02-L02,1,running,168.4985,534.2493,97.4276,29.0218,-2.0594,C,relation-reasoning-agent-eval-v3.1
2026-08-24T06:00:00+09:00,CMP-S02-L03-01,S02,S02-L03,1,running,183.946,478.9644,104.4238,39.3583,-0.4231,A,relation-reasoning-agent-eval-v3.1
2026-08-24T06:00:00+09:00,CMP-S02-L04-01,S02,S02-L04,1,running,176.8685,479.8633,101.4019,47.5117,1.0338,B,relation-reasoning-agent-eval-v3.1
2026-08-24T06:00:00+09:00,CMP-S02-L05-01,S02,S02-L05,1,running,141.94,505.6752,104.4746,33.5769,-1.2515,B,relation-reasoning-agent-eval-v3.1
2026-08-24T06:10:00+09:00,CMP-S02-L01-01,S02,S02-L01,1,running,197.1232,482.9684,97.0764,39.2676,0.0263,A,relation-reasoning-agent-eval-v3.1
2026-08-24T06:10:00+09:00,CMP-S02-L02-01,S02,S02-L02,1,running,165.9219,556.4334,96.601,35.6799,-0.8264,A,relation-reasoning-agent-eval-v3.1
2026-08-24T06:10:00+09:00,CMP-S02-L03-01,S02,S02-L03,1,running,190.3295,489.8345,109.3043,42.4296,0.1456,A,relation-reasoning-agent-eval-v3.1
2026-08-24T06:10:00+09:00,CMP-S02-L04-01,S02,S02-L04,1,running,160.3891,519.7255,97.4554,46.3568,0.8199,A,relation-reasoning-agent-eval-v3.1
2026-08-24T06:10:00+09:00,CMP-S02-L05-01,S02,S02-L05,1,running,156.7374,542.1747,99.2382,33.8916,-1.1932,B,relation-reasoning-agent-eval-v3.1
2026-08-24T06:20:00+09:00,CMP-S02-L01-01,S02,S02-L01,1,running,180.7789,451.7035,100.5645,37.8946,-0.228,A,relation-reasoning-agent-eval-v3.1
2026-08-24T06:20:00+09:00,CMP-S02-L02-01,S02,S02-L02,1,running,169.8378,517.1321,88.6343,33.461,-1.2373,B,relation-reasoning-agent-eval-v3.1
2026-08-24T06:20:00+09:00,CMP-S02-L03-01,S02,S02-L03,1,running,192.9944,457.4648,103.1656,41.9723,0.0609,A,relation-reasoning-agent-eval-v3.1
2026-08-24T06:20:00+09:00,CMP-S02-L04-01,S02,S02-L04,1,running,156.0246,481.492,102.0214,42.5668,0.1181,A,relation-reasoning-agent-eval-v3.1
2026-08-24T06:20:00+09:00,CMP-S02-L05-01,S02,S02-L05,1,running,151.8338,506.0486,99.0849,29.6981,-1.9698,B,relation-reasoning-agent-eval-v3.1
2026-08-24T06:30:00+09:00,CMP-S02-L01-01,S02,S02-L01,1,running,190.0744,425.4866,108.551,36.7654,-0.4371,A,relation-reasoning-agent-eval-v3.1
2026-08-24T06:30:00+09:00,CMP-S02-L02-01,S02,S02-L02,1,running,165.7717,498.6194,91.749,37.7608,-0.4411,A,relation-reasoning-agent-eval-v3.1
2026-08-24T06:30:00+09:00,CMP-S02-L03-01,S02,S02-L03,1,running,195.4413,431.8994,100.2467,38.4614,-0.5892,A,relation-reasoning-agent-eval-v3.1
2026-08-24T06:30:00+09:00,CMP-S02-L04-01,S02,S02-L04,1,running,144.1219,492.1992,107.2178,35.9581,-1.1057,B,relation-reasoning-agent-eval-v3.1
2026-08-24T06:30:00+09:00,CMP-S02-L05-01,S02,S02-L05,1,running,164.8912,535.0852,97.5317,34.8868,-1.0089,B,relation-reasoning-agent-eval-v3.1
2026-08-24T06:40:00+09:00,CMP-S02-L01-01,S02,S02-L01,1,running,173.7635,415.6377,107.2889,30.9305,-1.5176,B,relation-reasoning-agent-eval-v3.1
2026-08-24T06:40:00+09:00,CMP-S02-L02-01,S02,S02-L02,1,running,164.2848,535.0977,92.825,32.2588,-1.46,B,relation-reasoning-agent-eval-v3.1
2026-08-24T06:40:00+09:00,CMP-S02-L03-01,S02,S02-L03,1,running,196.1275,383.2607,102.2655,43.7748,0.3947,A,relation-reasoning-agent-eval-v3.1
2026-08-24T06:40:00+09:00,CMP-S02-L04-01,S02,S02-L04,1,running,157.5776,503.8749,104.7916,32.9176,-1.6688,B,relation-reasoning-agent-eval-v3.1
2026-08-24T06:40:00+09:00,CMP-S02-L05-01,S02,S02-L05,1,running,174.4578,508.5,94.8724,35.1139,-0.9669,A,relation-reasoning-agent-eval-v3.1
2026-08-24T06:50:00+09:00,CMP-S02-L01-01,S02,S02-L01,1,running,161.805,404.8264,103.1793,32.3884,-1.2476,B,relation-reasoning-agent-eval-v3.1
2026-08-24T06:50:00+09:00,CMP-S02-L02-01,S02,S02-L02,1,running,149.7712,505.691,98.3822,37.2776,-0.5306,A,relation-reasoning-agent-eval-v3.1
2026-08-24T06:50:00+09:00,CMP-S02-L03-01,S02,S02-L03,1,running,176.7987,382.202,100.4739,44.2207,0.4773,A,relation-reasoning-agent-eval-v3.1
2026-08-24T06:50:00+09:00,CMP-S02-L04-01,S02,S02-L04,1,running,178.9384,540.7586,103.8777,33.152,-1.6254,B,relation-reasoning-agent-eval-v3.1
2026-08-24T06:50:00+09:00,CMP-S02-L05-01,S02,S02-L05,1,running,162.205,541.4527,97.0691,39.5109,-0.1526,A,relation-reasoning-agent-eval-v3.1
2026-08-24T07:00:00+09:00,CMP-S02-L01-01,S02,S02-L01,1,running,184.3098,377.4516,103.6869,39.3913,0.0492,A,relation-reasoning-agent-eval-v3.1
2026-08-24T07:00:00+09:00,CMP-S02-L02-01,S02,S02-L02,1,running,136.6436,442.1816,100.251,43.9499,0.705,A,relation-reasoning-agent-eval-v3.1
2026-08-24T07:00:00+09:00,CMP-S02-L03-01,S02,S02-L03,1,running,162.3549,451.7311,100.4608,40.7435,-0.1666,A,relation-reasoning-agent-eval-v3.1
2026-08-24T07:00:00+09:00,CMP-S02-L04-01,S02,S02-L04,1,running,208.5282,488.2933,113.4063,36.4132,-1.0215,B,relation-reasoning-agent-eval-v3.1
2026-08-24T07:00:00+09:00,CMP-S02-L05-01,S02,S02-L05,1,running,163.6189,529.6762,94.6063,35.5831,-0.88,A,relation-reasoning-agent-eval-v3.1
2026-08-24T07:10:00+09:00,CMP-S02-L01-01,S02,S02-L01,1,running,176.3177,390.1292,101.45,47.1553,1.487,B,relation-reasoning-agent-eval-v3.1
2026-08-24T07:10:00+09:00,CMP-S02-L02-01,S02,S02-L02,1,running,146.0249,458.8117,97.0094,42.4292,0.4234,A,relation-reasoning-agent-eval-v3.1
2026-08-24T07:10:00+09:00,CMP-S02-L03-01,S02,S02-L03,1,running,166.5034,443.0461,99.1186,41.5719,-0.0132,A,relation-reasoning-agent-eval-v3.1
2026-08-24T07:10:00+09:00,CMP-S02-L04-01,S02,S02-L04,1,running,200.3913,480.8487,106.7737,29.9511,-2.2181,C,relation-reasoning-agent-eval-v3.1
2026-08-24T07:10:00+09:00,CMP-S02-L05-01,S02,S02-L05,1,running,180.3098,530.8316,98.9294,34.9203,-1.0027,B,relation-reasoning-agent-eval-v3.1
2026-08-24T07:20:00+09:00,CMP-S02-L01-01,S02,S02-L01,1,running,174.7339,426.1712,98.6107,42.7894,0.6785,A,relation-reasoning-agent-eval-v3.1
2026-08-24T07:20:00+09:00,CMP-S02-L02-01,S02,S02-L02,1,running,161.5456,479.5986,94.0377,43.6569,0.6508,A,relation-reasoning-agent-eval-v3.1
2026-08-24T07:20:00+09:00,CMP-S02-L03-01,S02,S02-L03,1,running,169.3092,439.7041,93.8713,43.3201,0.3105,A,relation-reasoning-agent-eval-v3.1
2026-08-24T07:20:00+09:00,CMP-S02-L04-01,S02,S02-L04,1,running,207.1833,484.0028,112.7299,29.1748,-2.3619,C,relation-reasoning-agent-eval-v3.1
2026-08-24T07:20:00+09:00,CMP-S02-L05-01,S02,S02-L05,1,running,162.5359,460.8599,96.2029,38.9375,-0.2588,A,relation-reasoning-agent-eval-v3.1
2026-08-24T07:30:00+09:00,CMP-S02-L01-01,S02,S02-L01,1,running,183.7658,430.9526,96.0188,45.8519,1.2456,B,relation-reasoning-agent-eval-v3.1
2026-08-24T07:30:00+09:00,CMP-S02-L02-01,S02,S02-L02,1,running,167.6499,464.4156,99.8929,43.577,0.636,A,relation-reasoning-agent-eval-v3.1
2026-08-24T07:30:00+09:00,CMP-S02-L03-01,S02,S02-L03,1,running,179.4882,453.3267,92.4383,48.2391,1.2215,B,relation-reasoning-agent-eval-v3.1
2026-08-24T07:30:00+09:00,CMP-S02-L04-01,S02,S02-L04,1,running,201.7763,477.4492,115.1542,33.0921,-1.6365,B,relation-reasoning-agent-eval-v3.1
2026-08-24T07:30:00+09:00,CMP-S02-L05-01,S02,S02-L05,1,running,169.0158,422.2998,94.0945,32.4414,-1.4618,B,relation-reasoning-agent-eval-v3.1
2026-08-24T07:40:00+09:00,CMP-S02-L01-01,S02,S02-L01,1,running,164.5265,471.6243,94.2496,46.8552,1.4314,B,relation-reasoning-agent-eval-v3.1
2026-08-24T07:40:00+09:00,CMP-S02-L02-01,S02,S02-L02,1,running,178.2514,437.9465,102.4393,42.6729,0.4686,A,relation-reasoning-agent-eval-v3.1
2026-08-24T07:40:00+09:00,CMP-S02-L03-01,S02,S02-L03,1,running,187.9026,457.4784,93.1586,47.7102,1.1235,B,relation-reasoning-agent-eval-v3.1
2026-08-24T07:40:00+09:00,CMP-S02-L04-01,S02,S02-L04,1,running,192.8925,546.5862,109.9011,29.7812,-2.2496,C,relation-reasoning-agent-eval-v3.1
2026-08-24T07:40:00+09:00,CMP-S02-L05-01,S02,S02-L05,1,running,169.8145,449.3465,103.0435,41.2403,0.1677,A,relation-reasoning-agent-eval-v3.1
2026-08-24T07:50:00+09:00,CMP-S02-L01-01,S02,S02-L01,1,running,178.9158,500.8253,105.6184,38.0676,-0.1959,A,relation-reasoning-agent-eval-v3.1
2026-08-24T07:50:00+09:00,CMP-S02-L02-01,S02,S02-L02,1,running,176.2524,419.4206,102.2143,45.1893,0.9346,A,relation-reasoning-agent-eval-v3.1
2026-08-24T07:50:00+09:00,CMP-S02-L03-01,S02,S02-L03,1,running,205.5188,434.4632,93.4793,46.1232,0.8296,A,relation-reasoning-agent-eval-v3.1
2026-08-24T07:50:00+09:00,CMP-S02-L04-01,S02,S02-L04,1,running,212.2963,516.8766,107.7087,31.5605,-1.9201,B,relation-reasoning-agent-eval-v3.1
2026-08-24T07:50:00+09:00,CMP-S02-L05-01,S02,S02-L05,1,running,168.8086,449.2838,97.8117,40.7864,0.0836,A,relation-reasoning-agent-eval-v3.1
2026-08-24T08:00:00+09:00,CMP-S02-L01-01,S02,S02-L01,1,running,165.8098,469.7114,103.7187,34.5034,-0.856,A,relation-reasoning-agent-eval-v3.1
2026-08-24T08:00:00+09:00,CMP-S02-L02-01,S02,S02-L02,1,running,168.0992,496.4624,102.4474,48.3479,1.5195,B,relation-reasoning-agent-eval-v3.1
2026-08-24T08:00:00+09:00,CMP-S02-L03-01,S02,S02-L03,1,running,201.3735,448.4423,95.9016,47.9546,1.1688,B,relation-reasoning-agent-eval-v3.1
2026-08-24T08:00:00+09:00,CMP-S02-L04-01,S02,S02-L04,1,running,207.512,485.6325,103.3837,41.4728,-0.0845,A,relation-reasoning-agent-eval-v3.1
2026-08-24T08:00:00+09:00,CMP-S02-L05-01,S02,S02-L05,1,running,169.5479,453.2111,97.3847,41.0248,0.1277,A,relation-reasoning-agent-eval-v3.1
2026-08-24T08:10:00+09:00,CMP-S02-L01-01,S02,S02-L01,1,running,171.8368,462.0541,107.6732,36.5972,-0.4682,A,relation-reasoning-agent-eval-v3.1
2026-08-24T08:10:00+09:00,CMP-S02-L02-01,S02,S02-L02,1,running,197.8749,498.9761,98.2531,44.1188,0.7363,A,relation-reasoning-agent-eval-v3.1
2026-08-24T08:10:00+09:00,CMP-S02-L03-01,S02,S02-L03,1,running,195.0443,400.9507,95.2723,43.4687,0.338,A,relation-reasoning-agent-eval-v3.1
2026-08-24T08:10:00+09:00,CMP-S02-L04-01,S02,S02-L04,1,running,207.4114,480.2043,104.1778,41.1075,-0.1522,A,relation-reasoning-agent-eval-v3.1
2026-08-24T08:10:00+09:00,CMP-S02-L05-01,S02,S02-L05,1,running,176.1689,419.4345,98.2623,37.892,-0.4524,A,relation-reasoning-agent-eval-v3.1
2026-08-24T08:20:00+09:00,CMP-S02-L01-01,S02,S02-L01,1,running,190.5777,471.6807,110.3335,39.6714,0.1011,A,relation-reasoning-agent-eval-v3.1
2026-08-24T08:20:00+09:00,CMP-S02-L02-01,S02,S02-L02,1,running,214.641,505.9332,95.9283,43.6159,0.6432,A,relation-reasoning-agent-eval-v3.1
2026-08-24T08:20:00+09:00,CMP-S02-L03-01,S02,S02-L03,1,running,192.3964,397.2331,97.7293,49.2663,1.4117,B,relation-reasoning-agent-eval-v3.1
2026-08-24T08:20:00+09:00,CMP-S02-L04-01,S02,S02-L04,1,running,200.6334,506.9672,109.877,45.0546,0.5788,A,relation-reasoning-agent-eval-v3.1
2026-08-24T08:20:00+09:00,CMP-S02-L05-01,S02,S02-L05,1,running,171.1021,434.0002,108.5178,43.0361,0.5002,A,relation-reasoning-agent-eval-v3.1
2026-08-24T08:30:00+09:00,CMP-S02-L01-01,S02,S02-L01,1,running,197.289,489.273,109.1494,34.5309,-0.8509,A,relation-reasoning-agent-eval-v3.1
2026-08-24T08:30:00+09:00,CMP-S02-L02-01,S02,S02-L02,1,running,215.5955,466.6595,95.9506,40.6871,0.1008,A,relation-reasoning-agent-eval-v3.1
2026-08-24T08:30:00+09:00,CMP-S02-L03-01,S02,S02-L03,1,running,171.2203,451.165,96.0392,41.5289,-0.0212,A,relation-reasoning-agent-eval-v3.1
2026-08-24T08:30:00+09:00,CMP-S02-L04-01,S02,S02-L04,1,running,181.7995,477.6047,108.4864,43.6124,0.3117,A,relation-reasoning-agent-eval-v3.1
2026-08-24T08:30:00+09:00,CMP-S02-L05-01,S02,S02-L05,1,running,159.8503,474.2584,107.2862,41.5064,0.2169,A,relation-reasoning-agent-eval-v3.1
2026-08-24T08:40:00+09:00,CMP-S02-L01-01,S02,S02-L01,1,running,187.0219,461.8373,102.3141,39.5745,0.0831,A,relation-reasoning-agent-eval-v3.1
2026-08-24T08:40:00+09:00,CMP-S02-L02-01,S02,S02-L02,1,running,196.5351,448.0647,102.3332,39.3417,-0.1483,A,relation-reasoning-agent-eval-v3.1
2026-08-24T08:40:00+09:00,CMP-S02-L03-01,S02,S02-L03,1,running,167.9922,481.4777,94.7517,39.1656,-0.4588,A,relation-reasoning-agent-eval-v3.1
2026-08-24T08:40:00+09:00,CMP-S02-L04-01,S02,S02-L04,1,running,179.9334,468.1712,110.3946,46.4283,0.8332,A,relation-reasoning-agent-eval-v3.1
2026-08-24T08:40:00+09:00,CMP-S02-L05-01,S02,S02-L05,1,running,173.6479,457.4776,105.6994,36.3564,-0.7368,A,relation-reasoning-agent-eval-v3.1
2026-08-24T08:50:00+09:00,CMP-S02-L01-01,S02,S02-L01,1,running,193.8985,456.4352,102.2542,36.6396,-0.4604,A,relation-reasoning-agent-eval-v3.1
2026-08-24T08:50:00+09:00,CMP-S02-L02-01,S02,S02-L02,1,running,204.2687,411.5135,92.7856,39.107,-0.1918,A,relation-reasoning-agent-eval-v3.1
2026-08-24T08:50:00+09:00,CMP-S02-L03-01,S02,S02-L03,1,running,175.4365,485.3889,98.0293,43.9316,0.4238,A,relation-reasoning-agent-eval-v3.1
2026-08-24T08:50:00+09:00,CMP-S02-L04-01,S02,S02-L04,1,running,164.2985,481.3489,109.4705,44.8987,0.5499,A,relation-reasoning-agent-eval-v3.1
2026-08-24T08:50:00+09:00,CMP-S02-L05-01,S02,S02-L05,1,running,163.3543,462.538,105.7226,34.6508,-1.0526,B,relation-reasoning-agent-eval-v3.1
2026-08-24T09:00:00+09:00,CMP-S02-L01-01,S02,S02-L01,1,running,181.4449,459.5669,101.7094,35.8096,-0.6141,A,relation-reasoning-agent-eval-v3.1
2026-08-24T09:00:00+09:00,CMP-S02-L02-01,S02,S02-L02,1,running,181.273,457.5363,95.5804,38.5234,-0.2999,A,relation-reasoning-agent-eval-v3.1
2026-08-24T09:00:00+09:00,CMP-S02-L03-01,S02,S02-L03,1,running,161.6005,444.6534,99.9706,40.6094,-0.1914,A,relation-reasoning-agent-eval-v3.1
2026-08-24T09:00:00+09:00,CMP-S02-L04-01,S02,S02-L04,1,running,150.6033,460.8421,110.2838,45.7767,0.7125,A,relation-reasoning-agent-eval-v3.1
2026-08-24T09:00:00+09:00,CMP-S02-L05-01,S02,S02-L05,1,running,182.7279,470.0223,106.3962,31.8289,-1.5752,B,relation-reasoning-agent-eval-v3.1
2026-08-24T09:10:00+09:00,CMP-S02-L01-01,S02,S02-L01,1,running,174.3208,422.1184,95.4669,42.6505,0.6528,A,relation-reasoning-agent-eval-v3.1
2026-08-24T09:10:00+09:00,CMP-S02-L02-01,S02,S02-L02,1,running,177.9077,478.2472,96.6227,37.3038,-0.5257,A,relation-reasoning-agent-eval-v3.1
2026-08-24T09:10:00+09:00,CMP-S02-L03-01,S02,S02-L03,1,running,165.3083,494.4408,95.7015,32.0081,-1.7843,B,relation-reasoning-agent-eval-v3.1
2026-08-24T09:10:00+09:00,CMP-S02-L04-01,S02,S02-L04,1,running,169.4223,526.7413,109.1164,39.6778,-0.4169,A,relation-reasoning-agent-eval-v3.1
2026-08-24T09:10:00+09:00,CMP-S02-L05-01,S02,S02-L05,1,running,173.4949,416.8668,97.2422,36.3628,-0.7356,A,relation-reasoning-agent-eval-v3.1
2026-08-24T09:20:00+09:00,CMP-S02-L01-01,S02,S02-L01,1,running,170.543,413.4131,100.5691,40.8549,0.3202,A,relation-reasoning-agent-eval-v3.1
2026-08-24T09:20:00+09:00,CMP-S02-L02-01,S02,S02-L02,1,running,177.1075,460.017,97.8793,41.4556,0.2431,A,relation-reasoning-agent-eval-v3.1
2026-08-24T09:20:00+09:00,CMP-S02-L03-01,S02,S02-L03,1,running,158.7853,483.3205,102.633,35.2571,-1.1826,B,relation-reasoning-agent-eval-v3.1
2026-08-24T09:20:00+09:00,CMP-S02-L04-01,S02,S02-L04,1,running,176.6176,556.94,104.4774,34.6794,-1.3425,B,relation-reasoning-agent-eval-v3.1
2026-08-24T09:20:00+09:00,CMP-S02-L05-01,S02,S02-L05,1,running,190.9138,440.2885,91.7441,40.33,-0.0009,A,relation-reasoning-agent-eval-v3.1
2026-08-24T09:30:00+09:00,CMP-S02-L01-01,S02,S02-L01,1,running,161.8553,381.0229,95.633,47.0164,1.4612,B,relation-reasoning-agent-eval-v3.1
2026-08-24T09:30:00+09:00,CMP-S02-L02-01,S02,S02-L02,1,running,165.3881,460.4817,100.5696,48.1991,1.4919,B,relation-reasoning-agent-eval-v3.1
2026-08-24T09:30:00+09:00,CMP-S02-L03-01,S02,S02-L03,1,running,154.9972,422.6621,105.3967,37.8142,-0.7091,A,relation-reasoning-agent-eval-v3.1
2026-08-24T09:30:00+09:00,CMP-S02-L04-01,S02,S02-L04,1,running,179.1272,474.5069,105.0443,35.4256,-1.2044,B,relation-reasoning-agent-eval-v3.1
2026-08-24T09:30:00+09:00,CMP-S02-L05-01,S02,S02-L05,1,running,188.6926,428.3195,91.2911,41.8205,0.2751,A,relation-reasoning-agent-eval-v3.1
2026-08-24T09:40:00+09:00,CMP-S02-L01-01,S02,S02-L01,1,running,175.0937,420.7729,95.2492,44.0555,0.9129,A,relation-reasoning-agent-eval-v3.1
2026-08-24T09:40:00+09:00,CMP-S02-L02-01,S02,S02-L02,1,running,185.1956,488.5331,102.2957,48.6111,1.5682,B,relation-reasoning-agent-eval-v3.1
2026-08-24T09:40:00+09:00,CMP-S02-L03-01,S02,S02-L03,1,running,165.7047,421.8931,107.4337,33.1178,-1.5788,B,relation-reasoning-agent-eval-v3.1
2026-08-24T09:40:00+09:00,CMP-S02-L04-01,S02,S02-L04,1,running,172.2043,527.1851,106.7573,44.9175,0.5534,A,relation-reasoning-agent-eval-v3.1
2026-08-24T09:40:00+09:00,CMP-S02-L05-01,S02,S02-L05,1,running,161.2777,449.9347,89.0269,42.5221,0.405,A,relation-reasoning-agent-eval-v3.1
2026-08-24T09:50:00+09:00,CMP-S02-L01-01,S02,S02-L01,1,running,175.8756,381.4479,98.0109,49.5822,1.9364,B,relation-reasoning-agent-eval-v3.1
2026-08-24T09:50:00+09:00,CMP-S02-L02-01,S02,S02-L02,1,running,169.6951,475.114,99.8379,42.8594,0.5031,A,relation-reasoning-agent-eval-v3.1
2026-08-24T09:50:00+09:00,CMP-S02-L03-01,S02,S02-L03,1,running,175.5295,398.4847,106.9235,38.0717,-0.6614,A,relation-reasoning-agent-eval-v3.1
2026-08-24T09:50:00+09:00,CMP-S02-L04-01,S02,S02-L04,1,running,159.7506,496.7302,105.101,48.0201,1.128,B,relation-reasoning-agent-eval-v3.1
2026-08-24T09:50:00+09:00,CMP-S02-L05-01,S02,S02-L05,1,running,157.439,491.2451,97.9523,47.6715,1.3586,B,relation-reasoning-agent-eval-v3.1
2026-08-24T10:00:00+09:00,CMP-S02-L01-01,S02,S02-L01,1,running,186.1898,411.0026,106.7759,48.7015,1.7733,B,relation-reasoning-agent-eval-v3.1
2026-08-24T10:00:00+09:00,CMP-S02-L02-01,S02,S02-L02,1,running,162.9957,512.6834,100.2667,44.7869,0.86,A,relation-reasoning-agent-eval-v3.1
2026-08-24T10:00:00+09:00,CMP-S02-L03-01,S02,S02-L03,1,running,170.2916,396.2233,103.2952,42.7308,0.2014,A,relation-reasoning-agent-eval-v3.1
2026-08-24T10:00:00+09:00,CMP-S02-L04-01,S02,S02-L04,1,running,168.3633,473.3495,108.0693,39.6804,-0.4164,A,relation-reasoning-agent-eval-v3.1
2026-08-24T10:00:00+09:00,CMP-S02-L05-01,S02,S02-L05,1,running,157.2622,488.6659,103.7138,45.2313,0.9067,A,relation-reasoning-agent-eval-v3.1
2026-08-24T10:10:00+09:00,CMP-S02-L01-01,S02,S02-L01,1,running,174.895,356.1917,101.2204,47.4977,1.5504,B,relation-reasoning-agent-eval-v3.1
2026-08-24T10:10:00+09:00,CMP-S02-L02-01,S02,S02-L02,1,running,146.4551,515.7778,106.7322,37.1382,-0.5564,A,relation-reasoning-agent-eval-v3.1
2026-08-24T10:10:00+09:00,CMP-S02-L03-01,S02,S02-L03,1,running,166.904,384.6499,95.3031,43.5769,0.3581,A,relation-reasoning-agent-eval-v3.1
2026-08-24T10:10:00+09:00,CMP-S02-L04-01,S02,S02-L04,1,running,168.2109,427.3495,108.4878,42.7426,0.1506,A,relation-reasoning-agent-eval-v3.1
2026-08-24T10:10:00+09:00,CMP-S02-L05-01,S02,S02-L05,1,running,167.1824,458.5417,104.387,47.1244,1.2573,B,relation-reasoning-agent-eval-v3.1
2026-08-24T10:20:00+09:00,CMP-S02-L01-01,S02,S02-L01,1,running,162.2433,357.2745,105.3188,46.0588,1.2839,B,relation-reasoning-agent-eval-v3.1
2026-08-24T10:20:00+09:00,CMP-S02-L02-01,S02,S02-L02,1,running,143.5492,491.627,108.5846,40.1365,-0.0011,A,relation-reasoning-agent-eval-v3.1
2026-08-24T10:20:00+09:00,CMP-S02-L03-01,S02,S02-L03,1,running,180.1946,404.8499,98.8806,41.5234,-0.0222,A,relation-reasoning-agent-eval-v3.1
2026-08-24T10:20:00+09:00,CMP-S02-L04-01,S02,S02-L04,1,running,164.0185,418.9984,107.0281,35.8017,-1.1347,B,relation-reasoning-agent-eval-v3.1
2026-08-24T10:20:00+09:00,CMP-S02-L05-01,S02,S02-L05,1,running,156.3686,507.1028,106.4732,40.6771,0.0634,A,relation-reasoning-agent-eval-v3.1
2026-08-24T10:30:00+09:00,CMP-S02-L01-01,S02,S02-L01,1,running,152.6207,356.5511,106.3694,38.7981,-0.0607,A,relation-reasoning-agent-eval-v3.1
2026-08-24T10:30:00+09:00,CMP-S02-L02-01,S02,S02-L02,1,running,135.268,511.1257,110.5138,39.2778,-0.1602,A,relation-reasoning-agent-eval-v3.1
2026-08-24T10:30:00+09:00,CMP-S02-L03-01,S02,S02-L03,1,running,174.5873,395.9402,96.3902,41.1612,-0.0893,A,relation-reasoning-agent-eval-v3.1
2026-08-24T10:30:00+09:00,CMP-S02-L04-01,S02,S02-L04,1,running,169.5995,476.2586,112.7745,36.4751,-1.01,B,relation-reasoning-agent-eval-v3.1
2026-08-24T10:30:00+09:00,CMP-S02-L05-01,S02,S02-L05,1,running,153.4406,498.1795,101.1661,34.2335,-1.1299,B,relation-reasoning-agent-eval-v3.1
2026-08-24T10:40:00+09:00,CMP-S02-L01-01,S02,S02-L01,1,running,142.5353,355.545,110.1179,43.0913,0.7344,A,relation-reasoning-agent-eval-v3.1
2026-08-24T10:40:00+09:00,CMP-S02-L02-01,S02,S02-L02,1,running,140.689,482.5442,103.5843,38.3761,-0.3271,A,relation-reasoning-agent-eval-v3.1
2026-08-24T10:40:00+09:00,CMP-S02-L03-01,S02,S02-L03,1,running,166.9371,369.5822,94.1475,41.4271,-0.04,A,relation-reasoning-agent-eval-v3.1
2026-08-24T10:40:00+09:00,CMP-S02-L04-01,S02,S02-L04,1,running,198.6202,454.6542,109.2344,40.0084,-0.3557,A,relation-reasoning-agent-eval-v3.1
2026-08-24T10:40:00+09:00,CMP-S02-L05-01,S02,S02-L05,1,running,151.1266,463.1457,99.3261,34.8042,-1.0242,B,relation-reasoning-agent-eval-v3.1
2026-08-24T10:50:00+09:00,CMP-S02-L01-01,S02,S02-L01,1,running,156.5677,370.8717,107.1589,39.9026,0.1439,A,relation-reasoning-agent-eval-v3.1
2026-08-24T10:50:00+09:00,CMP-S02-L02-01,S02,S02-L02,1,running,147.01,490.8137,108.0347,40.4685,0.0603,A,relation-reasoning-agent-eval-v3.1
2026-08-24T10:50:00+09:00,CMP-S02-L03-01,S02,S02-L03,1,running,173.5727,403.1901,97.7493,42.8879,0.2305,A,relation-reasoning-agent-eval-v3.1
2026-08-24T10:50:00+09:00,CMP-S02-L04-01,S02,S02-L04,1,running,201.8577,430.7715,111.4502,37.8142,-0.762,A,relation-reasoning-agent-eval-v3.1
2026-08-24T10:50:00+09:00,CMP-S02-L05-01,S02,S02-L05,1,running,163.3681,457.7662,88.1053,33.3324,-1.2968,B,relation-reasoning-agent-eval-v3.1
2026-08-24T11:00:00+09:00,CMP-S02-L01-01,S02,S02-L01,1,running,150.841,387.9307,111.1078,41.4654,0.4333,A,relation-reasoning-agent-eval-v3.1
2026-08-24T11:00:00+09:00,CMP-S02-L02-01,S02,S02-L02,1,running,149.0292,500.8976,105.9889,41.4646,0.2448,A,relation-reasoning-agent-eval-v3.1
2026-08-24T11:00:00+09:00,CMP-S02-L03-01,S02,S02-L03,1,running,190.9762,439.7845,97.25,39.0961,-0.4717,A,relation-reasoning-agent-eval-v3.1
2026-08-24T11:00:00+09:00,CMP-S02-L04-01,S02,S02-L04,1,running,196.5494,431.9272,114.2513,45.9592,0.7463,A,relation-reasoning-agent-eval-v3.1
2026-08-24T11:00:00+09:00,CMP-S02-L05-01,S02,S02-L05,1,running,166.1229,455.8462,85.82,29.7715,-1.9562,B,relation-reasoning-agent-eval-v3.1
2026-08-24T11:10:00+09:00,CMP-S02-L01-01,S02,S02-L01,1,running,153.4467,406.8348,109.8857,35.394,-0.691,A,relation-reasoning-agent-eval-v3.1
2026-08-24T11:10:00+09:00,CMP-S02-L02-01,S02,S02-L02,1,running,169.864,508.9726,105.89,46.9643,1.2633,B,relation-reasoning-agent-eval-v3.1
2026-08-24T11:10:00+09:00,CMP-S02-L03-01,S02,S02-L03,1,running,187.9702,492.2737,105.3195,31.8807,-1.8079,B,relation-reasoning-agent-eval-v3.1
2026-08-24T11:10:00+09:00,CMP-S02-L04-01,S02,S02-L04,1,running,184.192,469.2562,118.4714,39.0745,-0.5286,A,relation-reasoning-agent-eval-v3.1
2026-08-24T11:10:00+09:00,CMP-S02-L05-01,S02,S02-L05,1,running,158.4469,457.4588,90.4447,36.4187,-0.7252,A,relation-reasoning-agent-eval-v3.1
2026-08-24T11:20:00+09:00,CMP-S02-L01-01,S02,S02-L01,1,running,157.2366,442.3226,104.2397,38.7467,-0.0702,A,relation-reasoning-agent-eval-v3.1
2026-08-24T11:20:00+09:00,CMP-S02-L02-01,S02,S02-L02,1,running,161.1045,527.4719,103.1461,42.0851,0.3597,A,relation-reasoning-agent-eval-v3.1
2026-08-24T11:20:00+09:00,CMP-S02-L03-01,S02,S02-L03,1,running,155.0841,466.6899,103.6584,40.2198,-0.2636,A,relation-reasoning-agent-eval-v3.1
2026-08-24T11:20:00+09:00,CMP-S02-L04-01,S02,S02-L04,1,running,181.2058,499.1654,113.5681,48.2214,1.1652,B,relation-reasoning-agent-eval-v3.1
2026-08-24T11:20:00+09:00,CMP-S02-L05-01,S02,S02-L05,1,running,151.8496,427.6671,93.283,38.3834,-0.3614,A,relation-reasoning-agent-eval-v3.1
2026-08-24T11:30:00+09:00,CMP-S02-L01-01,S02,S02-L01,1,running,159.9515,452.8409,107.3818,42.1,0.5508,A,relation-reasoning-agent-eval-v3.1
2026-08-24T11:30:00+09:00,CMP-S02-L02-01,S02,S02-L02,1,running,167.374,495.1517,103.0239,43.8033,0.6779,A,relation-reasoning-agent-eval-v3.1
2026-08-24T11:30:00+09:00,CMP-S02-L03-01,S02,S02-L03,1,running,175.1645,419.5944,102.0423,40.1289,-0.2804,A,relation-reasoning-agent-eval-v3.1
2026-08-24T11:30:00+09:00,CMP-S02-L04-01,S02,S02-L04,1,running,180.0722,475.1128,108.5839,43.6461,0.318,A,relation-reasoning-agent-eval-v3.1
2026-08-24T11:30:00+09:00,CMP-S02-L05-01,S02,S02-L05,1,running,161.9932,411.0673,92.9824,40.6392,0.0563,A,relation-reasoning-agent-eval-v3.1
2026-08-24T11:40:00+09:00,CMP-S02-L01-01,S02,S02-L01,1,running,144.1419,433.453,104.3136,37.4274,-0.3145,A,relation-reasoning-agent-eval-v3.1
2026-08-24T11:40:00+09:00,CMP-S02-L02-01,S02,S02-L02,1,running,177.3913,469.0455,102.8335,44.3894,0.7864,A,relation-reasoning-agent-eval-v3.1
2026-08-24T11:40:00+09:00,CMP-S02-L03-01,S02,S02-L03,1,running,158.0506,432.5913,101.3747,37.8957,-0.694,A,relation-reasoning-agent-eval-v3.1
2026-08-24T11:40:00+09:00,CMP-S02-L04-01,S02,S02-L04,1,running,183.5162,442.2077,105.8853,40.6292,-0.2407,A,relation-reasoning-agent-eval-v3.1
2026-08-24T11:40:00+09:00,CMP-S02-L05-01,S02,S02-L05,1,running,154.5789,397.761,93.8736,41.5377,0.2227,A,relation-reasoning-agent-eval-v3.1
2026-08-24T11:50:00+09:00,CMP-S02-L01-01,S02,S02-L01,1,running,165.2557,429.6961,106.198,34.6168,-0.835,A,relation-reasoning-agent-eval-v3.1
2026-08-24T11:50:00+09:00,CMP-S02-L02-01,S02,S02-L02,1,running,173.9583,472.1994,98.686,40.2024,0.0111,A,relation-reasoning-agent-eval-v3.1
2026-08-24T11:50:00+09:00,CMP-S02-L03-01,S02,S02-L03,1,running,151.4081,403.2655,98.8213,37.5745,-0.7535,A,relation-reasoning-agent-eval-v3.1
2026-08-24T11:50:00+09:00,CMP-S02-L04-01,S02,S02-L04,1,running,175.0119,407.7479,109.7354,42.2952,0.0678,A,relation-reasoning-agent-eval-v3.1
2026-08-24T11:50:00+09:00,CMP-S02-L05-01,S02,S02-L05,1,running,144.768,382.2786,96.7385,39.4505,-0.1638,A,relation-reasoning-agent-eval-v3.1
2026-08-24T12:00:00+09:00,CMP-S02-L01-01,S02,S02-L01,1,running,149.0661,457.4569,105.194,37.5039,-0.3003,A,relation-reasoning-agent-eval-v3.1
2026-08-24T12:00:00+09:00,CMP-S02-L02-01,S02,S02-L02,1,running,175.2659,483.4913,93.9123,43.0783,0.5436,A,relation-reasoning-agent-eval-v3.1
2026-08-24T12:00:00+09:00,CMP-S02-L03-01,S02,S02-L03,1,running,166.3779,407.6454,91.4799,37.8753,-0.6978,A,relation-reasoning-agent-eval-v3.1
2026-08-24T12:00:00+09:00,CMP-S02-L04-01,S02,S02-L04,1,running,158.4231,421.86,114.3461,41.906,-0.0043,A,relation-reasoning-agent-eval-v3.1
2026-08-24T12:00:00+09:00,CMP-S02-L05-01,S02,S02-L05,1,running,152.955,396.7713,103.5025,34.1085,-1.153,B,relation-reasoning-agent-eval-v3.1
2026-08-24T12:10:00+09:00,CMP-S02-L01-01,S02,S02-L01,1,running,151.4108,457.4998,99.2043,37.4779,-0.3051,A,relation-reasoning-agent-eval-v3.1
2026-08-24T12:10:00+09:00,CMP-S02-L02-01,S02,S02-L02,1,running,172.8892,438.3875,95.7415,40.6226,0.0889,A,relation-reasoning-agent-eval-v3.1
2026-08-24T12:10:00+09:00,CMP-S02-L03-01,S02,S02-L03,1,running,176.5439,454.4365,84.0506,34.8692,-1.2545,B,relation-reasoning-agent-eval-v3.1
2026-08-24T12:10:00+09:00,CMP-S02-L04-01,S02,S02-L04,1,running,141.2143,407.1871,113.9973,40.1102,-0.3368,A,relation-reasoning-agent-eval-v3.1
2026-08-24T12:10:00+09:00,CMP-S02-L05-01,S02,S02-L05,1,running,163.516,420.8485,102.8848,36.8838,-0.6391,A,relation-reasoning-agent-eval-v3.1
2026-08-24T12:20:00+09:00,CMP-S02-L01-01,S02,S02-L01,1,running,152.2796,468.7197,100.2887,37.8504,-0.2362,A,relation-reasoning-agent-eval-v3.1
2026-08-24T12:20:00+09:00,CMP-S02-L02-01,S02,S02-L02,1,running,171.2383,434.095,102.6533,46.2368,1.1285,B,relation-reasoning-agent-eval-v3.1
2026-08-24T12:20:00+09:00,CMP-S02-L03-01,S02,S02-L03,1,running,171.0213,464.9373,97.2577,33.6011,-1.4893,B,relation-reasoning-agent-eval-v3.1
2026-08-24T12:20:00+09:00,CMP-S02-L04-01,S02,S02-L04,1,running,156.3867,464.0229,111.013,43.5734,0.3045,A,relation-reasoning-agent-eval-v3.1
2026-08-24T12:20:00+09:00,CMP-S02-L05-01,S02,S02-L05,1,running,169.6051,414.6238,104.5979,39.6917,-0.1191,A,relation-reasoning-agent-eval-v3.1
2026-08-24T12:30:00+09:00,CMP-S02-L01-01,S02,S02-L01,1,running,173.5105,484.511,102.8159,35.6046,-0.652,A,relation-reasoning-agent-eval-v3.1
2026-08-24T12:30:00+09:00,CMP-S02-L02-01,S02,S02-L02,1,running,176.0861,448.1431,98.6104,46.3311,1.146,B,relation-reasoning-agent-eval-v3.1
2026-08-24T12:30:00+09:00,CMP-S02-L03-01,S02,S02-L03,1,running,167.8732,465.6586,96.8758,36.3998,-0.971,A,relation-reasoning-agent-eval-v3.1
2026-08-24T12:30:00+09:00,CMP-S02-L04-01,S02,S02-L04,1,running,167.4438,491.4379,106.8648,44.1103,0.4039,A,relation-reasoning-agent-eval-v3.1
2026-08-24T12:30:00+09:00,CMP-S02-L05-01,S02,S02-L05,1,running,146.9352,426.3232,99.4165,43.5532,0.596,A,relation-reasoning-agent-eval-v3.1
2026-08-24T12:40:00+09:00,CMP-S02-L01-01,S02,S02-L01,1,running,152.7744,439.7388,101.3802,35.236,-0.7203,A,relation-reasoning-agent-eval-v3.1
2026-08-24T12:40:00+09:00,CMP-S02-L02-01,S02,S02-L02,1,running,158.4631,480.1757,103.4441,46.833,1.2389,B,relation-reasoning-agent-eval-v3.1
2026-08-24T12:40:00+09:00,CMP-S02-L03-01,S02,S02-L03,1,running,146.5328,444.7293,94.1044,41.1403,-0.0931,A,relation-reasoning-agent-eval-v3.1
2026-08-24T12:40:00+09:00,CMP-S02-L04-01,S02,S02-L04,1,running,159.4859,506.6822,113.643,36.8181,-0.9465,A,relation-reasoning-agent-eval-v3.1
2026-08-24T12:40:00+09:00,CMP-S02-L05-01,S02,S02-L05,1,running,164.3433,453.5134,103.6788,46.1934,1.0849,B,relation-reasoning-agent-eval-v3.1
2026-08-24T12:50:00+09:00,CMP-S02-L01-01,S02,S02-L01,1,running,156.0088,457.9646,99.161,36.4249,-0.5001,A,relation-reasoning-agent-eval-v3.1
2026-08-24T12:50:00+09:00,CMP-S02-L02-01,S02,S02-L02,1,running,150.1201,465.6814,97.8684,47.8099,1.4198,B,relation-reasoning-agent-eval-v3.1
2026-08-24T12:50:00+09:00,CMP-S02-L03-01,S02,S02-L03,1,running,155.9464,370.8493,105.1588,41.5692,-0.0137,A,relation-reasoning-agent-eval-v3.1
2026-08-24T12:50:00+09:00,CMP-S02-L04-01,S02,S02-L04,1,running,164.177,516.7481,111.2062,34.5316,-1.3699,B,relation-reasoning-agent-eval-v3.1
2026-08-24T12:50:00+09:00,CMP-S02-L05-01,S02,S02-L05,1,running,170.1031,464.3903,105.5341,37.2973,-0.5625,A,relation-reasoning-agent-eval-v3.1
2026-08-24T13:00:00+09:00,CMP-S02-L01-01,S02,S02-L01,1,running,155.8444,470.3605,107.3215,42.6177,0.6467,A,relation-reasoning-agent-eval-v3.1
2026-08-24T13:00:00+09:00,CMP-S02-L02-01,S02,S02-L02,1,running,143.0636,475.8291,100.9847,54.1545,2.5948,C,relation-reasoning-agent-eval-v3.1
2026-08-24T13:00:00+09:00,CMP-S02-L03-01,S02,S02-L03,1,running,149.7477,391.0017,104.793,35.9726,-1.0501,B,relation-reasoning-agent-eval-v3.1
2026-08-24T13:00:00+09:00,CMP-S02-L04-01,S02,S02-L04,1,running,165.9788,479.3275,110.0131,34.7849,-1.323,B,relation-reasoning-agent-eval-v3.1
2026-08-24T13:00:00+09:00,CMP-S02-L05-01,S02,S02-L05,1,running,162.6046,453.6846,100.9149,39.6466,-0.1275,A,relation-reasoning-agent-eval-v3.1
2026-08-24T13:10:00+09:00,CMP-S02-L01-01,S02,S02-L01,1,running,162.3107,434.0866,103.8242,42.6213,0.6473,A,relation-reasoning-agent-eval-v3.1
2026-08-24T13:10:00+09:00,CMP-S02-L02-01,S02,S02-L02,1,running,137.6274,524.1988,106.7231,51.8121,2.161,C,relation-reasoning-agent-eval-v3.1
2026-08-24T13:10:00+09:00,CMP-S02-L03-01,S02,S02-L03,1,running,167.3843,381.6832,108.1143,33.7991,-1.4526,B,relation-reasoning-agent-eval-v3.1
2026-08-24T13:10:00+09:00,CMP-S02-L04-01,S02,S02-L04,1,running,167.9108,484.295,108.1418,41.1697,-0.1406,A,relation-reasoning-agent-eval-v3.1
2026-08-24T13:10:00+09:00,CMP-S02-L05-01,S02,S02-L05,1,running,169.0518,458.528,95.2717,41.287,0.1763,A,relation-reasoning-agent-eval-v3.1
2026-08-24T13:20:00+09:00,CMP-S02-L01-01,S02,S02-L01,1,running,165.6702,458.7037,108.4696,37.8654,-0.2334,A,relation-reasoning-agent-eval-v3.1
2026-08-24T13:20:00+09:00,CMP-S02-L02-01,S02,S02-L02,1,running,147.8224,516.5561,103.3599,49.8083,1.7899,B,relation-reasoning-agent-eval-v3.1
2026-08-24T13:20:00+09:00,CMP-S02-L03-01,S02,S02-L03,1,running,154.3053,395.0494,110.4865,31.4982,-1.8787,B,relation-reasoning-agent-eval-v3.1
2026-08-24T13:20:00+09:00,CMP-S02-L04-01,S02,S02-L04,1,running,179.9512,481.5087,105.5886,45.0102,0.5706,A,relation-reasoning-agent-eval-v3.1
2026-08-24T13:20:00+09:00,CMP-S02-L05-01,S02,S02-L05,1,running,174.2173,497.5215,97.8485,44.19,0.7139,A,relation-reasoning-agent-eval-v3.1
2026-08-24T13:30:00+09:00,CMP-S02-L01-01,S02,S02-L01,1,running,167.528,429.0093,114.3152,31.601,-1.3934,B,relation-reasoning-agent-eval-v3.1
2026-08-24T13:30:00+09:00,CMP-S02-L02-01,S02,S02-L02,1,running,165.565,478.163,106.8365,54.2656,2.6153,C,relation-reasoning-agent-eval-v3.1
2026-08-24T13:30:00+09:00,CMP-S02-L03-01,S02,S02-L03,1,running,158.1847,436.4661,107.7817,29.9785,-2.1601,C,relation-reasoning-agent-eval-v3.1
2026-08-24T13:30:00+09:00,CMP-S02-L04-01,S02,S02-L04,1,running,188.4497,542.544,106.8177,40.253,-0.3104,A,relation-reasoning-agent-eval-v3.1
2026-08-24T13:30:00+09:00,CMP-S02-L05-01,S02,S02-L05,1,running,157.7238,534.6243,97.8856,45.7618,1.005,B,relation-reasoning-agent-eval-v3.1
2026-08-24T13:40:00+09:00,CMP-S02-L01-01,S02,S02-L01,1,running,148.1229,424.9977,111.3968,31.5053,-1.4112,B,relation-reasoning-agent-eval-v3.1
2026-08-24T13:40:00+09:00,CMP-S02-L02-01,S02,S02-L02,1,running,172.9779,494.1623,106.4405,50.0219,1.8295,B,relation-reasoning-agent-eval-v3.1
2026-08-24T13:40:00+09:00,CMP-S02-L03-01,S02,S02-L03,1,running,147.4466,438.8397,108.2088,31.6731,-1.8463,B,relation-reasoning-agent-eval-v3.1
2026-08-24T13:40:00+09:00,CMP-S02-L04-01,S02,S02-L04,1,running,196.1068,528.9912,105.2775,43.6286,0.3147,A,relation-reasoning-agent-eval-v3.1
2026-08-24T13:40:00+09:00,CMP-S02-L05-01,S02,S02-L05,1,running,141.5086,498.452,95.0514,47.9397,1.4083,B,relation-reasoning-agent-eval-v3.1
2026-08-24T13:50:00+09:00,CMP-S02-L01-01,S02,S02-L01,1,running,152.068,442.7365,113.8073,35.5408,-0.6639,A,relation-reasoning-agent-eval-v3.1
2026-08-24T13:50:00+09:00,CMP-S02-L02-01,S02,S02-L02,1,running,179.2573,451.17,102.2328,49.8271,1.7934,B,relation-reasoning-agent-eval-v3.1
2026-08-24T13:50:00+09:00,CMP-S02-L03-01,S02,S02-L03,1,running,148.6002,438.1131,102.1319,34.8946,-1.2497,B,relation-reasoning-agent-eval-v3.1
2026-08-24T13:50:00+09:00,CMP-S02-L04-01,S02,S02-L04,1,running,180.5743,583.1969,108.1734,46.9828,0.9359,A,relation-reasoning-agent-eval-v3.1
2026-08-24T13:50:00+09:00,CMP-S02-L05-01,S02,S02-L05,1,running,154.1573,509.2998,96.3995,44.2426,0.7236,A,relation-reasoning-agent-eval-v3.1
2026-08-24T14:00:00+09:00,CMP-S02-L01-01,S02,S02-L01,1,running,147.8217,421.6619,105.1869,37.7079,-0.2625,A,relation-reasoning-agent-eval-v3.1
2026-08-24T14:00:00+09:00,CMP-S02-L02-01,S02,S02-L02,1,running,172.1917,441.8862,96.9164,52.1716,2.2276,C,relation-reasoning-agent-eval-v3.1
2026-08-24T14:00:00+09:00,CMP-S02-L03-01,S02,S02-L03,1,running,153.6483,466.787,102.0872,43.3437,0.3149,A,relation-reasoning-agent-eval-v3.1
2026-08-24T14:00:00+09:00,CMP-S02-L04-01,S02,S02-L04,1,running,198.3697,568.2531,114.1778,46.2536,0.8008,A,relation-reasoning-agent-eval-v3.1
2026-08-24T14:00:00+09:00,CMP-S02-L05-01,S02,S02-L05,1,running,134.8848,504.7898,101.915,45.1178,0.8857,A,relation-reasoning-agent-eval-v3.1
2026-08-24T14:10:00+09:00,CMP-S02-L01-01,S02,S02-L01,1,running,160.6598,445.7834,103.433,35.3584,-0.6976,A,relation-reasoning-agent-eval-v3.1
2026-08-24T14:10:00+09:00,CMP-S02-L02-01,S02,S02-L02,1,running,157.2536,413.4889,100.4337,52.5065,2.2896,C,relation-reasoning-agent-eval-v3.1
2026-08-24T14:10:00+09:00,CMP-S02-L03-01,S02,S02-L03,1,running,140.7358,457.9271,103.2033,35.1252,-1.207,B,relation-reasoning-agent-eval-v3.1
2026-08-24T14:10:00+09:00,CMP-S02-L04-01,S02,S02-L04,1,running,190.6127,547.2859,107.4109,52.2601,1.9131,B,relation-reasoning-agent-eval-v3.1
2026-08-24T14:10:00+09:00,CMP-S02-L05-01,S02,S02-L05,1,running,138.6146,479.6355,101.0757,47.3567,1.3003,B,relation-reasoning-agent-eval-v3.1
2026-08-24T14:20:00+09:00,CMP-S02-L01-01,S02,S02-L01,1,running,168.0687,410.2046,99.3403,40.4172,0.2392,A,relation-reasoning-agent-eval-v3.1
2026-08-24T14:20:00+09:00,CMP-S02-L02-01,S02,S02-L02,1,running,168.0856,410.4251,101.2388,50.0832,1.8408,B,relation-reasoning-agent-eval-v3.1
2026-08-24T14:20:00+09:00,CMP-S02-L03-01,S02,S02-L03,1,running,132.8881,405.9578,104.9604,40.2033,-0.2667,A,relation-reasoning-agent-eval-v3.1
2026-08-24T14:20:00+09:00,CMP-S02-L04-01,S02,S02-L04,1,running,203.9073,497.8899,108.5591,44.4369,0.4644,A,relation-reasoning-agent-eval-v3.1
2026-08-24T14:20:00+09:00,CMP-S02-L05-01,S02,S02-L05,1,running,159.6288,514.0798,95.3712,51.1155,1.9964,B,relation-reasoning-agent-eval-v3.1
2026-08-24T14:30:00+09:00,CMP-S02-L01-01,S02,S02-L01,1,running,174.2976,440.8978,105.5411,43.4898,0.8082,A,relation-reasoning-agent-eval-v3.1
2026-08-24T14:30:00+09:00,CMP-S02-L02-01,S02,S02-L02,1,running,186.9441,467.4073,103.4464,51.4215,2.0887,C,relation-reasoning-agent-eval-v3.1
2026-08-24T14:30:00+09:00,CMP-S02-L03-01,S02,S02-L03,1,running,149.4321,422.5366,94.5283,40.7014,-0.1744,A,relation-reasoning-agent-eval-v3.1
2026-08-24T14:30:00+09:00,CMP-S02-L04-01,S02,S02-L04,1,running,193.303,493.6414,106.0397,43.1831,0.2322,A,relation-reasoning-agent-eval-v3.1
2026-08-24T14:30:00+09:00,CMP-S02-L05-01,S02,S02-L05,1,running,168.0319,485.5407,90.0559,50.6643,1.9128,B,relation-reasoning-agent-eval-v3.1
2026-08-24T14:40:00+09:00,CMP-S02-L01-01,S02,S02-L01,1,running,179.5051,477.5728,105.9292,36.2443,-0.5336,A,relation-reasoning-agent-eval-v3.1
2026-08-24T14:40:00+09:00,CMP-S02-L02-01,S02,S02-L02,1,running,182.1018,442.0257,105.4933,49.2439,1.6854,B,relation-reasoning-agent-eval-v3.1
2026-08-24T14:40:00+09:00,CMP-S02-L03-01,S02,S02-L03,1,running,146.9824,427.7548,91.6135,37.2594,-0.8118,A,relation-reasoning-agent-eval-v3.1
2026-08-24T14:40:00+09:00,CMP-S02-L04-01,S02,S02-L04,1,running,191.1252,483.9384,107.449,40.8418,-0.2014,A,relation-reasoning-agent-eval-v3.1
2026-08-24T14:40:00+09:00,CMP-S02-L05-01,S02,S02-L05,1,running,167.3554,505.4736,93.5055,52.7961,2.3076,C,relation-reasoning-agent-eval-v3.1
2026-08-24T14:50:00+09:00,CMP-S02-L01-01,S02,S02-L01,1,running,162.8707,472.6791,103.3228,34.0571,-0.9386,A,relation-reasoning-agent-eval-v3.1
2026-08-24T14:50:00+09:00,CMP-S02-L02-01,S02,S02-L02,1,running,169.7326,436.4523,100.8963,49.3562,1.7062,B,relation-reasoning-agent-eval-v3.1
2026-08-24T14:50:00+09:00,CMP-S02-L03-01,S02,S02-L03,1,running,140.2211,484.7938,91.6984,37.3129,-0.8019,A,relation-reasoning-agent-eval-v3.1
2026-08-24T14:50:00+09:00,CMP-S02-L04-01,S02,S02-L04,1,running,180.2048,475.8021,102.9522,34.4468,-1.3856,B,relation-reasoning-agent-eval-v3.1
2026-08-24T14:50:00+09:00,CMP-S02-L05-01,S02,S02-L05,1,running,167.3931,486.1799,98.7968,47.9443,1.4091,B,relation-reasoning-agent-eval-v3.1
2026-08-24T15:00:00+09:00,CMP-S02-L01-01,S02,S02-L01,1,running,176.2146,470.6771,104.1614,34.8491,-0.792,A,relation-reasoning-agent-eval-v3.1
2026-08-24T15:00:00+09:00,CMP-S02-L02-01,S02,S02-L02,1,running,183.5568,428.6714,104.6675,41.5868,0.2674,A,relation-reasoning-agent-eval-v3.1
2026-08-24T15:00:00+09:00,CMP-S02-L03-01,S02,S02-L03,1,running,135.9012,436.2496,90.3144,40.985,-0.1219,A,relation-reasoning-agent-eval-v3.1
2026-08-24T15:00:00+09:00,CMP-S02-L04-01,S02,S02-L04,1,running,190.9948,449.5081,98.2937,33.3456,-1.5895,B,relation-reasoning-agent-eval-v3.1
2026-08-24T15:00:00+09:00,CMP-S02-L05-01,S02,S02-L05,1,running,156.8052,501.5881,101.359,41.5373,0.2226,A,relation-reasoning-agent-eval-v3.1
2026-08-24T15:10:00+09:00,CMP-S02-L01-01,S02,S02-L01,1,running,184.0849,458.6871,106.7198,30.4806,-1.6009,B,relation-reasoning-agent-eval-v3.1
2026-08-24T15:10:00+09:00,CMP-S02-L02-01,S02,S02-L02,1,running,183.1474,426.9884,105.2629,43.3112,0.5868,A,relation-reasoning-agent-eval-v3.1
2026-08-24T15:10:00+09:00,CMP-S02-L03-01,S02,S02-L03,1,running,135.4728,435.325,90.4606,39.2033,-0.4518,A,relation-reasoning-agent-eval-v3.1
2026-08-24T15:10:00+09:00,CMP-S02-L04-01,S02,S02-L04,1,running,195.4398,438.4794,98.77,37.3743,-0.8435,A,relation-reasoning-agent-eval-v3.1
2026-08-24T15:10:00+09:00,CMP-S02-L05-01,S02,S02-L05,1,running,161.6302,523.515,105.9011,48.6333,1.5367,B,relation-reasoning-agent-eval-v3.1
2026-08-24T15:20:00+09:00,CMP-S02-L01-01,S02,S02-L01,1,running,166.3839,498.3233,103.8454,35.2304,-0.7213,A,relation-reasoning-agent-eval-v3.1
2026-08-24T15:20:00+09:00,CMP-S02-L02-01,S02,S02-L02,1,running,181.7821,425.5135,98.9224,36.7997,-0.6191,A,relation-reasoning-agent-eval-v3.1
2026-08-24T15:20:00+09:00,CMP-S02-L03-01,S02,S02-L03,1,running,145.7594,415.7048,87.7863,34.1633,-1.3852,B,relation-reasoning-agent-eval-v3.1
2026-08-24T15:20:00+09:00,CMP-S02-L04-01,S02,S02-L04,1,running,185.2679,445.2364,93.5551,48.4386,1.2054,B,relation-reasoning-agent-eval-v3.1
2026-08-24T15:20:00+09:00,CMP-S02-L05-01,S02,S02-L05,1,running,152.4032,506.28,103.1713,44.9125,0.8477,A,relation-reasoning-agent-eval-v3.1
2026-08-24T15:30:00+09:00,CMP-S02-L01-01,S02,S02-L01,1,running,167.3553,456.8241,96.7555,39.185,0.011,A,relation-reasoning-agent-eval-v3.1
2026-08-24T15:30:00+09:00,CMP-S02-L02-01,S02,S02-L02,1,running,164.4442,489.7291,101.1301,38.6868,-0.2696,A,relation-reasoning-agent-eval-v3.1
2026-08-24T15:30:00+09:00,CMP-S02-L03-01,S02,S02-L03,1,running,152.4635,414.0927,81.7275,36.1081,-1.025,B,relation-reasoning-agent-eval-v3.1
2026-08-24T15:30:00+09:00,CMP-S02-L04-01,S02,S02-L04,1,running,177.6491,454.9697,89.024,44.6154,0.4975,A,relation-reasoning-agent-eval-v3.1
2026-08-24T15:30:00+09:00,CMP-S02-L05-01,S02,S02-L05,1,running,162.1598,474.3061,102.1476,45.5799,0.9713,A,relation-reasoning-agent-eval-v3.1
2026-08-24T15:40:00+09:00,CMP-S02-L01-01,S02,S02-L01,1,running,181.0267,445.5175,96.5273,41.2909,0.401,A,relation-reasoning-agent-eval-v3.1
2026-08-24T15:40:00+09:00,CMP-S02-L02-01,S02,S02-L02,1,running,179.6001,503.1511,95.9103,43.9861,0.7117,A,relation-reasoning-agent-eval-v3.1
2026-08-24T15:40:00+09:00,CMP-S02-L03-01,S02,S02-L03,1,running,162.5609,451.6338,84.8472,46.8574,0.9656,A,relation-reasoning-agent-eval-v3.1
2026-08-24T15:40:00+09:00,CMP-S02-L04-01,S02,S02-L04,1,running,173.2196,466.9651,90.034,39.4761,-0.4543,A,relation-reasoning-agent-eval-v3.1
2026-08-24T15:40:00+09:00,CMP-S02-L05-01,S02,S02-L05,1,running,172.3615,462.83,99.9576,42.8234,0.4608,A,relation-reasoning-agent-eval-v3.1
2026-08-24T15:50:00+09:00,CMP-S02-L01-01,S02,S02-L01,1,running,186.6333,415.5927,100.197,41.8742,0.509,A,relation-reasoning-agent-eval-v3.1
2026-08-24T15:50:00+09:00,CMP-S02-L02-01,S02,S02-L02,1,running,167.9557,543.1408,100.6098,39.5194,-0.1154,A,relation-reasoning-agent-eval-v3.1
2026-08-24T15:50:00+09:00,CMP-S02-L03-01,S02,S02-L03,1,running,182.4501,447.4465,92.1887,44.1682,0.4676,A,relation-reasoning-agent-eval-v3.1
2026-08-24T15:50:00+09:00,CMP-S02-L04-01,S02,S02-L04,1,running,169.9749,483.7988,98.1472,38.1997,-0.6906,A,relation-reasoning-agent-eval-v3.1
2026-08-24T15:50:00+09:00,CMP-S02-L05-01,S02,S02-L05,1,running,186.8734,445.2029,100.8215,43.9503,0.6695,A,relation-reasoning-agent-eval-v3.1
2026-08-24T16:00:00+09:00,CMP-S02-L01-01,S02,S02-L01,1,running,181.4959,433.1169,100.302,49.1892,1.8636,B,relation-reasoning-agent-eval-v3.1
2026-08-24T16:00:00+09:00,CMP-S02-L02-01,S02,S02-L02,1,running,168.9062,517.7057,101.8933,31.5306,-1.5948,B,relation-reasoning-agent-eval-v3.1
2026-08-24T16:00:00+09:00,CMP-S02-L03-01,S02,S02-L03,1,running,179.7405,417.8116,91.456,50.839,1.7029,B,relation-reasoning-agent-eval-v3.1
2026-08-24T16:00:00+09:00,CMP-S02-L04-01,S02,S02-L04,1,running,149.2464,435.84,100.2245,44.7028,0.5136,A,relation-reasoning-agent-eval-v3.1
2026-08-24T16:00:00+09:00,CMP-S02-L05-01,S02,S02-L05,1,running,180.8516,442.8612,99.0195,41.6804,0.2491,A,relation-reasoning-agent-eval-v3.1
2026-08-24T16:10:00+09:00,CMP-S02-L01-01,S02,S02-L01,1,running,176.0109,455.7776,97.6693,42.9979,0.7171,A,relation-reasoning-agent-eval-v3.1
2026-08-24T16:10:00+09:00,CMP-S02-L02-01,S02,S02-L02,1,running,161.7581,497.5304,96.6289,42.4811,0.433,A,relation-reasoning-agent-eval-v3.1
2026-08-24T16:10:00+09:00,CMP-S02-L03-01,S02,S02-L03,1,running,171.67,405.9138,92.2018,55.8578,2.6323,C,relation-reasoning-agent-eval-v3.1
2026-08-24T16:10:00+09:00,CMP-S02-L04-01,S02,S02-L04,1,running,162.9423,455.8471,93.1522,44.2791,0.4352,A,relation-reasoning-agent-eval-v3.1
2026-08-24T16:10:00+09:00,CMP-S02-L05-01,S02,S02-L05,1,running,187.4371,467.7779,95.3664,37.182,-0.5839,A,relation-reasoning-agent-eval-v3.1
2026-08-24T16:20:00+09:00,CMP-S02-L01-01,S02,S02-L01,1,running,172.0924,461.4254,101.9229,39.8169,0.128,A,relation-reasoning-agent-eval-v3.1
2026-08-24T16:20:00+09:00,CMP-S02-L02-01,S02,S02-L02,1,running,185.2776,497.9308,93.843,43.9156,0.6987,A,relation-reasoning-agent-eval-v3.1
2026-08-24T16:20:00+09:00,CMP-S02-L03-01,S02,S02-L03,1,running,179.5967,410.6149,89.4924,52.4823,2.0072,C,relation-reasoning-agent-eval-v3.1
2026-08-24T16:20:00+09:00,CMP-S02-L04-01,S02,S02-L04,1,running,168.7068,457.9209,89.0642,46.3637,0.8212,A,relation-reasoning-agent-eval-v3.1
2026-08-24T16:20:00+09:00,CMP-S02-L05-01,S02,S02-L05,1,running,190.8398,499.2918,100.2344,38.19,-0.3972,A,relation-reasoning-agent-eval-v3.1
2026-08-24T16:30:00+09:00,CMP-S02-L01-01,S02,S02-L01,1,running,174.8775,469.1304,106.1546,40.1934,0.1977,A,relation-reasoning-agent-eval-v3.1
2026-08-24T16:30:00+09:00,CMP-S02-L02-01,S02,S02-L02,1,running,167.0612,454.8824,93.3492,42.4646,0.43,A,relation-reasoning-agent-eval-v3.1
2026-08-24T16:30:00+09:00,CMP-S02-L03-01,S02,S02-L03,1,running,175.0767,396.4857,88.8246,47.3171,1.0507,B,relation-reasoning-agent-eval-v3.1
2026-08-24T16:30:00+09:00,CMP-S02-L04-01,S02,S02-L04,1,running,160.8479,446.4844,92.9397,41.6216,-0.057,A,relation-reasoning-agent-eval-v3.1
2026-08-24T16:30:00+09:00,CMP-S02-L05-01,S02,S02-L05,1,running,171.1086,467.8192,97.6578,44.4898,0.7694,A,relation-reasoning-agent-eval-v3.1
2026-08-24T16:40:00+09:00,CMP-S02-L01-01,S02,S02-L01,1,running,162.0262,471.0883,103.3352,43.135,0.7425,A,relation-reasoning-agent-eval-v3.1
2026-08-24T16:40:00+09:00,CMP-S02-L02-01,S02,S02-L02,1,running,166.725,425.8295,92.106,44.2612,0.7627,A,relation-reasoning-agent-eval-v3.1
2026-08-24T16:40:00+09:00,CMP-S02-L03-01,S02,S02-L03,1,running,195.7925,427.0926,92.3069,40.8351,-0.1496,A,relation-reasoning-agent-eval-v3.1
2026-08-24T16:40:00+09:00,CMP-S02-L04-01,S02,S02-L04,1,running,144.7794,433.5887,100.5237,41.7822,-0.0272,A,relation-reasoning-agent-eval-v3.1
2026-08-24T16:40:00+09:00,CMP-S02-L05-01,S02,S02-L05,1,running,158.2186,424.3491,97.5017,48.3123,1.4773,B,relation-reasoning-agent-eval-v3.1
2026-08-24T16:50:00+09:00,CMP-S02-L01-01,S02,S02-L01,1,running,162.4,427.5713,109.0901,42.4536,0.6163,A,relation-reasoning-agent-eval-v3.1
2026-08-24T16:50:00+09:00,CMP-S02-L02-01,S02,S02-L02,1,running,169.0204,412.2429,97.6339,39.8754,-0.0495,A,relation-reasoning-agent-eval-v3.1
2026-08-24T16:50:00+09:00,CMP-S02-L03-01,S02,S02-L03,1,running,191.1238,384.0142,92.9044,44.9204,0.6069,A,relation-reasoning-agent-eval-v3.1
2026-08-24T16:50:00+09:00,CMP-S02-L04-01,S02,S02-L04,1,running,167.526,413.1414,106.565,34.5828,-1.3604,B,relation-reasoning-agent-eval-v3.1
2026-08-24T16:50:00+09:00,CMP-S02-L05-01,S02,S02-L05,1,running,160.9336,488.7557,96.0744,40.1967,-0.0256,A,relation-reasoning-agent-eval-v3.1
2026-08-24T17:00:00+09:00,CMP-S02-L01-01,S02,S02-L01,1,running,146.9412,435.7135,108.7273,35.5617,-0.66,A,relation-reasoning-agent-eval-v3.1
2026-08-24T17:00:00+09:00,CMP-S02-L02-01,S02,S02-L02,1,running,153.2518,402.796,100.9048,44.0975,0.7324,A,relation-reasoning-agent-eval-v3.1
2026-08-24T17:00:00+09:00,CMP-S02-L03-01,S02,S02-L03,1,running,175.922,405.0529,90.7371,43.0608,0.2625,A,relation-reasoning-agent-eval-v3.1
2026-08-24T17:00:00+09:00,CMP-S02-L04-01,S02,S02-L04,1,running,173.3159,429.1717,105.6329,41.9541,0.0046,A,relation-reasoning-agent-eval-v3.1
2026-08-24T17:00:00+09:00,CMP-S02-L05-01,S02,S02-L05,1,running,150.8362,455.5246,98.2248,38.6986,-0.303,A,relation-reasoning-agent-eval-v3.1
2026-08-24T17:10:00+09:00,CMP-S02-L01-01,S02,S02-L01,1,running,143.5585,443.5611,106.822,40.1281,0.1856,A,relation-reasoning-agent-eval-v3.1
2026-08-24T17:10:00+09:00,CMP-S02-L02-01,S02,S02-L02,1,running,140.4648,389.1687,98.1462,42.5843,0.4521,A,relation-reasoning-agent-eval-v3.1
2026-08-24T17:10:00+09:00,CMP-S02-L03-01,S02,S02-L03,1,running,194.5389,454.7024,99.8711,36.2499,-0.9988,A,relation-reasoning-agent-eval-v3.1
2026-08-24T17:10:00+09:00,CMP-S02-L04-01,S02,S02-L04,1,running,167.6061,436.1949,107.3066,42.9694,0.1926,A,relation-reasoning-agent-eval-v3.1
2026-08-24T17:10:00+09:00,CMP-S02-L05-01,S02,S02-L05,1,running,162.9052,457.2324,95.2,41.148,0.1505,A,relation-reasoning-agent-eval-v3.1
2026-08-24T17:20:00+09:00,CMP-S02-L01-01,S02,S02-L01,1,running,128.654,496.3544,101.7593,39.2064,0.015,A,relation-reasoning-agent-eval-v3.1
2026-08-24T17:20:00+09:00,CMP-S02-L02-01,S02,S02-L02,1,running,127.6317,363.8233,104.4341,40.6647,0.0967,A,relation-reasoning-agent-eval-v3.1
2026-08-24T17:20:00+09:00,CMP-S02-L03-01,S02,S02-L03,1,running,196.4835,493.9946,104.7705,35.2916,-1.1762,B,relation-reasoning-agent-eval-v3.1
2026-08-24T17:20:00+09:00,CMP-S02-L04-01,S02,S02-L04,1,running,176.7746,411.2175,111.0846,42.1218,0.0357,A,relation-reasoning-agent-eval-v3.1
2026-08-24T17:20:00+09:00,CMP-S02-L05-01,S02,S02-L05,1,running,161.0146,504.3326,98.4814,39.9565,-0.0701,A,relation-reasoning-agent-eval-v3.1
2026-08-24T17:30:00+09:00,CMP-S02-L01-01,S02,S02-L01,1,running,128.11,482.1413,96.8545,39.7222,0.1105,A,relation-reasoning-agent-eval-v3.1
2026-08-24T17:30:00+09:00,CMP-S02-L02-01,S02,S02-L02,1,running,148.8575,403.1463,109.9574,36.2198,-0.7265,A,relation-reasoning-agent-eval-v3.1
2026-08-24T17:30:00+09:00,CMP-S02-L03-01,S02,S02-L03,1,running,187.4331,505.7053,108.818,39.1441,-0.4628,A,relation-reasoning-agent-eval-v3.1
2026-08-24T17:30:00+09:00,CMP-S02-L04-01,S02,S02-L04,1,running,172.1656,396.5024,105.4167,34.8896,-1.3036,B,relation-reasoning-agent-eval-v3.1
2026-08-24T17:30:00+09:00,CMP-S02-L05-01,S02,S02-L05,1,running,154.7335,521.4561,94.92,43.3121,0.5513,A,relation-reasoning-agent-eval-v3.1
2026-08-24T17:40:00+09:00,CMP-S02-L01-01,S02,S02-L01,1,running,143.363,465.3755,92.6002,32.3563,-1.2536,B,relation-reasoning-agent-eval-v3.1
2026-08-24T17:40:00+09:00,CMP-S02-L02-01,S02,S02-L02,1,running,162.957,469.7755,109.2987,34.3311,-1.0762,B,relation-reasoning-agent-eval-v3.1
2026-08-24T17:40:00+09:00,CMP-S02-L03-01,S02,S02-L03,1,running,178.7529,519.5026,112.0575,41.8179,0.0323,A,relation-reasoning-agent-eval-v3.1
2026-08-24T17:40:00+09:00,CMP-S02-L04-01,S02,S02-L04,1,running,148.3056,425.1604,106.4622,43.0682,0.2109,A,relation-reasoning-agent-eval-v3.1
2026-08-24T17:40:00+09:00,CMP-S02-L05-01,S02,S02-L05,1,running,162.3232,519.3125,99.0184,51.4991,2.0674,C,relation-reasoning-agent-eval-v3.1
2026-08-24T17:50:00+09:00,CMP-S02-L01-01,S02,S02-L01,1,running,150.9645,447.3727,98.5466,36.5436,-0.4782,A,relation-reasoning-agent-eval-v3.1
2026-08-24T17:50:00+09:00,CMP-S02-L02-01,S02,S02-L02,1,running,178.2346,433.994,113.2126,36.1701,-0.7357,A,relation-reasoning-agent-eval-v3.1
2026-08-24T17:50:00+09:00,CMP-S02-L03-01,S02,S02-L03,1,running,170.0431,508.1358,110.3845,41.2778,-0.0677,A,relation-reasoning-agent-eval-v3.1
2026-08-24T17:50:00+09:00,CMP-S02-L04-01,S02,S02-L04,1,running,164.6164,403.8159,104.8556,36.3716,-1.0292,B,relation-reasoning-agent-eval-v3.1
2026-08-24T17:50:00+09:00,CMP-S02-L05-01,S02,S02-L05,1,running,167.322,512.9608,105.5304,46.1994,1.086,B,relation-reasoning-agent-eval-v3.1
2026-08-24T18:00:00+09:00,CMP-S02-L01-01,S02,S02-L01,1,running,147.0048,415.5731,102.2529,35.544,-0.6633,A,relation-reasoning-agent-eval-v3.1
2026-08-24T18:00:00+09:00,CMP-S02-L02-01,S02,S02-L02,1,running,188.7454,461.4385,107.8831,40.582,0.0814,A,relation-reasoning-agent-eval-v3.1
2026-08-24T18:00:00+09:00,CMP-S02-L03-01,S02,S02-L03,1,running,171.1945,495.6136,100.7803,31.293,-1.9167,B,relation-reasoning-agent-eval-v3.1
2026-08-24T18:00:00+09:00,CMP-S02-L04-01,S02,S02-L04,1,running,174.6996,421.1543,107.2233,42.8233,0.1656,A,relation-reasoning-agent-eval-v3.1
2026-08-24T18:00:00+09:00,CMP-S02-L05-01,S02,S02-L05,1,running,166.5238,563.718,101.8568,50.0798,1.8046,B,relation-reasoning-agent-eval-v3.1
2026-08-24T18:10:00+09:00,CMP-S02-L01-01,S02,S02-L01,1,running,156.0524,435.7693,104.0916,45.943,1.2625,B,relation-reasoning-agent-eval-v3.1
2026-08-24T18:10:00+09:00,CMP-S02-L02-01,S02,S02-L02,1,running,210.1322,489.2239,106.6121,41.4921,0.2499,A,relation-reasoning-agent-eval-v3.1
2026-08-24T18:10:00+09:00,CMP-S02-L03-01,S02,S02-L03,1,running,188.8798,458.6772,95.4943,32.6161,-1.6717,B,relation-reasoning-agent-eval-v3.1
2026-08-24T18:10:00+09:00,CMP-S02-L04-01,S02,S02-L04,1,running,172.6614,416.7,104.8525,42.444,0.0954,A,relation-reasoning-agent-eval-v3.1
2026-08-24T18:10:00+09:00,CMP-S02-L05-01,S02,S02-L05,1,running,162.5977,560.1036,99.1007,50.2723,1.8402,B,relation-reasoning-agent-eval-v3.1
2026-08-24T18:20:00+09:00,CMP-S02-L01-01,S02,S02-L01,1,running,183.3278,412.66,101.7812,47.7907,1.6046,B,relation-reasoning-agent-eval-v3.1
2026-08-24T18:20:00+09:00,CMP-S02-L02-01,S02,S02-L02,1,running,188.2736,493.2034,106.5126,35.6415,-0.8336,A,relation-reasoning-agent-eval-v3.1
2026-08-24T18:20:00+09:00,CMP-S02-L03-01,S02,S02-L03,1,running,181.9464,438.0115,102.3707,37.5137,-0.7647,A,relation-reasoning-agent-eval-v3.1
2026-08-24T18:20:00+09:00,CMP-S02-L04-01,S02,S02-L04,1,running,175.6505,452.4418,99.0596,45.8257,0.7216,A,relation-reasoning-agent-eval-v3.1
2026-08-24T18:20:00+09:00,CMP-S02-L05-01,S02,S02-L05,1,running,159.241,503.014,98.606,48.5546,1.5221,B,relation-reasoning-agent-eval-v3.1
2026-08-24T18:30:00+09:00,CMP-S02-L01-01,S02,S02-L01,1,running,167.6936,435.1046,103.8404,47.5722,1.5642,B,relation-reasoning-agent-eval-v3.1
2026-08-24T18:30:00+09:00,CMP-S02-L02-01,S02,S02-L02,1,running,192.9688,515.543,108.0577,30.4572,-1.7936,B,relation-reasoning-agent-eval-v3.1
2026-08-24T18:30:00+09:00,CMP-S02-L03-01,S02,S02-L03,1,running,186.0008,401.0639,103.8588,39.39,-0.4173,A,relation-reasoning-agent-eval-v3.1
2026-08-24T18:30:00+09:00,CMP-S02-L04-01,S02,S02-L04,1,running,176.4372,446.6989,105.2808,42.1728,0.0451,A,relation-reasoning-agent-eval-v3.1
2026-08-24T18:30:00+09:00,CMP-S02-L05-01,S02,S02-L05,1,running,145.7823,519.1641,97.9186,46.7665,1.191,B,relation-reasoning-agent-eval-v3.1
2026-08-24T18:40:00+09:00,CMP-S02-L01-01,S02,S02-L01,1,running,171.0022,403.0538,104.0287,44.5041,0.996,A,relation-reasoning-agent-eval-v3.1
2026-08-24T18:40:00+09:00,CMP-S02-L02-01,S02,S02-L02,1,running,184.1304,469.8487,105.3857,35.5276,-0.8546,A,relation-reasoning-agent-eval-v3.1
2026-08-24T18:40:00+09:00,CMP-S02-L03-01,S02,S02-L03,1,running,171.8763,421.6786,105.898,40.1532,-0.2759,A,relation-reasoning-agent-eval-v3.1
2026-08-24T18:40:00+09:00,CMP-S02-L04-01,S02,S02-L04,1,running,166.0182,460.7596,99.3223,44.4934,0.4749,A,relation-reasoning-agent-eval-v3.1
2026-08-24T18:40:00+09:00,CMP-S02-L05-01,S02,S02-L05,1,running,177.2781,535.96,92.05,47.2285,1.2766,B,relation-reasoning-agent-eval-v3.1
2026-08-24T18:50:00+09:00,CMP-S02-L01-01,S02,S02-L01,1,running,159.815,421.9054,103.5659,41.7823,0.492,A,relation-reasoning-agent-eval-v3.1
2026-08-24T18:50:00+09:00,CMP-S02-L02-01,S02,S02-L02,1,running,174.1895,395.5518,111.5163,35.0878,-0.9361,A,relation-reasoning-agent-eval-v3.1
2026-08-24T18:50:00+09:00,CMP-S02-L03-01,S02,S02-L03,1,running,168.1912,451.1332,105.5974,44.5724,0.5424,A,relation-reasoning-agent-eval-v3.1
2026-08-24T18:50:00+09:00,CMP-S02-L04-01,S02,S02-L04,1,running,162.8362,487.1015,101.6198,41.805,-0.023,A,relation-reasoning-agent-eval-v3.1
2026-08-24T18:50:00+09:00,CMP-S02-L05-01,S02,S02-L05,1,running,158.3358,456.1448,88.1759,46.6672,1.1726,B,relation-reasoning-agent-eval-v3.1
2026-08-24T19:00:00+09:00,CMP-S02-L01-01,S02,S02-L01,1,running,147.3536,428.753,103.1861,36.4725,-0.4913,A,relation-reasoning-agent-eval-v3.1
2026-08-24T19:00:00+09:00,CMP-S02-L02-01,S02,S02-L02,1,running,162.5101,409.447,114.4005,40.7591,0.1141,A,relation-reasoning-agent-eval-v3.1
2026-08-24T19:00:00+09:00,CMP-S02-L03-01,S02,S02-L03,1,running,170.7991,462.5301,97.502,52.1022,1.9368,B,relation-reasoning-agent-eval-v3.1
2026-08-24T19:00:00+09:00,CMP-S02-L04-01,S02,S02-L04,1,running,174.9014,465.1244,106.2413,42.0875,0.0293,A,relation-reasoning-agent-eval-v3.1
2026-08-24T19:00:00+09:00,CMP-S02-L05-01,S02,S02-L05,1,running,151.1512,472.306,98.9102,43.2178,0.5339,A,relation-reasoning-agent-eval-v3.1
2026-08-24T19:10:00+09:00,CMP-S02-L01-01,S02,S02-L01,1,running,149.933,447.0374,103.5284,32.5703,-1.2139,B,relation-reasoning-agent-eval-v3.1
2026-08-24T19:10:00+09:00,CMP-S02-L02-01,S02,S02-L02,1,running,171.7602,418.0656,109.702,39.6062,-0.0994,A,relation-reasoning-agent-eval-v3.1
2026-08-24T19:10:00+09:00,CMP-S02-L03-01,S02,S02-L03,1,running,181.8246,423.9624,95.5551,57.1385,2.8695,C,relation-reasoning-agent-eval-v3.1
2026-08-24T19:10:00+09:00,CMP-S02-L04-01,S02,S02-L04,1,running,170.6522,439.1555,104.8574,39.0838,-0.5269,A,relation-reasoning-agent-eval-v3.1
2026-08-24T19:10:00+09:00,CMP-S02-L05-01,S02,S02-L05,1,running,157.7427,528.019,98.7991,37.7289,-0.4826,A,relation-reasoning-agent-eval-v3.1
2026-08-24T19:20:00+09:00,CMP-S02-L01-01,S02,S02-L01,1,running,137.8019,468.5107,99.9988,27.4218,-2.1674,C,relation-reasoning-agent-eval-v3.1
2026-08-24T19:20:00+09:00,CMP-S02-L02-01,S02,S02-L02,1,running,184.359,424.7868,98.3846,30.1646,-1.8478,B,relation-reasoning-agent-eval-v3.1
2026-08-24T19:20:00+09:00,CMP-S02-L03-01,S02,S02-L03,1,running,190.761,432.6834,96.1363,54.1491,2.3159,C,relation-reasoning-agent-eval-v3.1
2026-08-24T19:20:00+09:00,CMP-S02-L04-01,S02,S02-L04,1,running,180.8744,427.9212,107.3892,40.7425,-0.2197,A,relation-reasoning-agent-eval-v3.1
2026-08-24T19:20:00+09:00,CMP-S02-L05-01,S02,S02-L05,1,running,172.6963,504.6366,94.9855,39.6123,-0.1338,A,relation-reasoning-agent-eval-v3.1
2026-08-24T19:30:00+09:00,CMP-S02-L01-01,S02,S02-L01,1,running,141.5965,500.7398,110.0885,34.9601,-0.7714,A,relation-reasoning-agent-eval-v3.1
2026-08-24T19:30:00+09:00,CMP-S02-L02-01,S02,S02-L02,1,running,189.8953,463.3162,105.1724,32.788,-1.362,B,relation-reasoning-agent-eval-v3.1
2026-08-24T19:30:00+09:00,CMP-S02-L03-01,S02,S02-L03,1,running,173.3939,443.593,88.6724,47.6507,1.1125,B,relation-reasoning-agent-eval-v3.1
2026-08-24T19:30:00+09:00,CMP-S02-L04-01,S02,S02-L04,1,running,191.7023,475.02,109.8294,38.9632,-0.5492,A,relation-reasoning-agent-eval-v3.1
2026-08-24T19:30:00+09:00,CMP-S02-L05-01,S02,S02-L05,1,running,171.8746,513.4874,104.1005,33.3362,-1.2961,B,relation-reasoning-agent-eval-v3.1
2026-08-24T19:40:00+09:00,CMP-S02-L01-01,S02,S02-L01,1,running,151.0925,452.66,108.0085,37.9225,-0.2228,A,relation-reasoning-agent-eval-v3.1
2026-08-24T19:40:00+09:00,CMP-S02-L02-01,S02,S02-L02,1,running,193.6479,458.6723,107.0902,38.5729,-0.2907,A,relation-reasoning-agent-eval-v3.1
2026-08-24T19:40:00+09:00,CMP-S02-L03-01,S02,S02-L03,1,running,176.1594,431.4525,90.5037,45.0489,0.6307,A,relation-reasoning-agent-eval-v3.1
2026-08-24T19:40:00+09:00,CMP-S02-L04-01,S02,S02-L04,1,running,194.2366,464.7642,98.6475,44.6635,0.5064,A,relation-reasoning-agent-eval-v3.1
2026-08-24T19:40:00+09:00,CMP-S02-L05-01,S02,S02-L05,1,running,178.5358,458.4585,100.243,34.3483,-1.1087,B,relation-reasoning-agent-eval-v3.1
2026-08-24T19:50:00+09:00,CMP-S02-L01-01,S02,S02-L01,1,running,152.2324,450.0583,103.8745,36.9453,-0.4038,A,relation-reasoning-agent-eval-v3.1
2026-08-24T19:50:00+09:00,CMP-S02-L02-01,S02,S02-L02,1,running,193.8052,466.7746,101.0897,36.4773,-0.6788,A,relation-reasoning-agent-eval-v3.1
2026-08-24T19:50:00+09:00,CMP-S02-L03-01,S02,S02-L03,1,running,160.9661,411.9117,82.7943,42.9636,0.2445,A,relation-reasoning-agent-eval-v3.1
2026-08-24T19:50:00+09:00,CMP-S02-L04-01,S02,S02-L04,1,running,177.3498,449.41,95.5371,44.4753,0.4715,A,relation-reasoning-agent-eval-v3.1
2026-08-24T19:50:00+09:00,CMP-S02-L05-01,S02,S02-L05,1,running,182.7834,436.3957,101.5187,39.3359,-0.185,A,relation-reasoning-agent-eval-v3.1
2026-08-24T20:00:00+09:00,CMP-S02-L01-01,S02,S02-L01,1,running,155.9197,461.173,97.2568,36.6959,-0.45,A,relation-reasoning-agent-eval-v3.1
2026-08-24T20:00:00+09:00,CMP-S02-L02-01,S02,S02-L02,1,running,173.0515,421.2882,102.1478,32.7693,-1.3654,B,relation-reasoning-agent-eval-v3.1
2026-08-24T20:00:00+09:00,CMP-S02-L03-01,S02,S02-L03,1,running,149.0178,446.2915,87.3622,41.8889,0.0455,A,relation-reasoning-agent-eval-v3.1
2026-08-24T20:00:00+09:00,CMP-S02-L04-01,S02,S02-L04,1,running,179.4807,431.6151,100.4341,44.0082,0.385,A,relation-reasoning-agent-eval-v3.1
2026-08-24T20:00:00+09:00,CMP-S02-L05-01,S02,S02-L05,1,running,165.3784,404.1408,96.7585,35.3865,-0.9164,A,relation-reasoning-agent-eval-v3.1
2026-08-24T20:10:00+09:00,CMP-S02-L01-01,S02,S02-L01,1,running,160.0079,467.4372,100.193,36.0175,-0.5756,A,relation-reasoning-agent-eval-v3.1
2026-08-24T20:10:00+09:00,CMP-S02-L02-01,S02,S02-L02,1,running,151.4984,408.5394,97.937,30.0726,-1.8648,B,relation-reasoning-agent-eval-v3.1
2026-08-24T20:10:00+09:00,CMP-S02-L03-01,S02,S02-L03,1,running,179.9447,456.4626,93.3878,38.5465,-0.5735,A,relation-reasoning-agent-eval-v3.1
2026-08-24T20:10:00+09:00,CMP-S02-L04-01,S02,S02-L04,1,running,160.7588,430.8709,100.869,45.3218,0.6283,A,relation-reasoning-agent-eval-v3.1
2026-08-24T20:10:00+09:00,CMP-S02-L05-01,S02,S02-L05,1,running,149.6297,408.3906,93.0518,34.4044,-1.0983,B,relation-reasoning-agent-eval-v3.1
2026-08-24T20:20:00+09:00,CMP-S02-L01-01,S02,S02-L01,1,running,166.4278,460.0541,99.0015,32.9224,-1.1488,B,relation-reasoning-agent-eval-v3.1
2026-08-24T20:20:00+09:00,CMP-S02-L02-01,S02,S02-L02,1,running,133.8014,431.8075,94.4003,29.6965,-1.9345,B,relation-reasoning-agent-eval-v3.1
2026-08-24T20:20:00+09:00,CMP-S02-L03-01,S02,S02-L03,1,running,184.1655,449.5356,99.0491,37.7073,-0.7289,A,relation-reasoning-agent-eval-v3.1
2026-08-24T20:20:00+09:00,CMP-S02-L04-01,S02,S02-L04,1,running,169.9504,407.6105,103.1941,47.7448,1.077,B,relation-reasoning-agent-eval-v3.1
2026-08-24T20:20:00+09:00,CMP-S02-L05-01,S02,S02-L05,1,running,162.721,367.1413,93.8744,38.5031,-0.3392,A,relation-reasoning-agent-eval-v3.1
2026-08-24T20:30:00+09:00,CMP-S02-L01-01,S02,S02-L01,1,running,177.0833,514.7466,91.805,34.8554,-0.7908,A,relation-reasoning-agent-eval-v3.1
2026-08-24T20:30:00+09:00,CMP-S02-L02-01,S02,S02-L02,1,running,133.4982,484.4454,98.6648,27.3809,-2.3633,C,relation-reasoning-agent-eval-v3.1
2026-08-24T20:30:00+09:00,CMP-S02-L03-01,S02,S02-L03,1,running,193.1322,446.2665,100.5356,41.2525,-0.0724,A,relation-reasoning-agent-eval-v3.1
2026-08-24T20:30:00+09:00,CMP-S02-L04-01,S02,S02-L04,1,running,170.0206,405.9568,96.4589,50.4287,1.574,B,relation-reasoning-agent-eval-v3.1
2026-08-24T20:30:00+09:00,CMP-S02-L05-01,S02,S02-L05,1,running,160.2218,355.9403,90.2073,40.2652,-0.0129,A,relation-reasoning-agent-eval-v3.1
2026-08-24T20:40:00+09:00,CMP-S02-L01-01,S02,S02-L01,1,running,181.9334,461.13,91.2938,32.1899,-1.2844,B,relation-reasoning-agent-eval-v3.1
2026-08-24T20:40:00+09:00,CMP-S02-L02-01,S02,S02-L02,1,running,131.4863,472.5894,96.8509,32.9882,-1.3249,B,relation-reasoning-agent-eval-v3.1
2026-08-24T20:40:00+09:00,CMP-S02-L03-01,S02,S02-L03,1,running,193.1863,453.6689,107.0805,43.7326,0.3869,A,relation-reasoning-agent-eval-v3.1
2026-08-24T20:40:00+09:00,CMP-S02-L04-01,S02,S02-L04,1,running,166.3214,430.9592,97.281,52.3463,1.9291,B,relation-reasoning-agent-eval-v3.1
2026-08-24T20:40:00+09:00,CMP-S02-L05-01,S02,S02-L05,1,running,149.5206,387.0039,100.4965,42.6155,0.4223,A,relation-reasoning-agent-eval-v3.1
2026-08-24T20:50:00+09:00,CMP-S02-L01-01,S02,S02-L01,1,running,180.371,478.8421,90.2101,28.9978,-1.8755,B,relation-reasoning-agent-eval-v3.1
2026-08-24T20:50:00+09:00,CMP-S02-L02-01,S02,S02-L02,1,running,136.5764,448.825,103.1032,26.5371,-2.5196,C,relation-reasoning-agent-eval-v3.1
2026-08-24T20:50:00+09:00,CMP-S02-L03-01,S02,S02-L03,1,running,198.3477,478.4767,108.2759,46.7479,0.9453,A,relation-reasoning-agent-eval-v3.1
2026-08-24T20:50:00+09:00,CMP-S02-L04-01,S02,S02-L04,1,running,169.178,463.732,94.4301,52.0804,1.8799,B,relation-reasoning-agent-eval-v3.1
2026-08-24T20:50:00+09:00,CMP-S02-L05-01,S02,S02-L05,1,running,153.2936,401.7269,101.9594,42.0886,0.3247,A,relation-reasoning-agent-eval-v3.1
2026-08-24T21:00:00+09:00,CMP-S02-L01-01,S02,S02-L01,1,running,177.2637,465.8922,93.6035,26.0924,-2.4136,C,relation-reasoning-agent-eval-v3.1
2026-08-24T21:00:00+09:00,CMP-S02-L02-01,S02,S02-L02,1,running,138.8471,431.41,98.7739,31.4983,-1.6008,B,relation-reasoning-agent-eval-v3.1
2026-08-24T21:00:00+09:00,CMP-S02-L03-01,S02,S02-L03,1,running,208.5958,408.8112,91.7837,50.1551,1.5763,B,relation-reasoning-agent-eval-v3.1
2026-08-24T21:00:00+09:00,CMP-S02-L04-01,S02,S02-L04,1,running,163.7152,444.4033,95.3915,49.9416,1.4838,B,relation-reasoning-agent-eval-v3.1
2026-08-24T21:00:00+09:00,CMP-S02-L05-01,S02,S02-L05,1,running,154.7176,366.2383,98.0097,40.7974,0.0856,A,relation-reasoning-agent-eval-v3.1
2026-08-24T21:10:00+09:00,CMP-S02-L01-01,S02,S02-L01,1,running,173.6151,474.078,99.2111,31.5962,-1.3943,B,relation-reasoning-agent-eval-v3.1
2026-08-24T21:10:00+09:00,CMP-S02-L02-01,S02,S02-L02,1,running,127.6159,449.6586,101.5953,33.1906,-1.2874,B,relation-reasoning-agent-eval-v3.1
2026-08-24T21:10:00+09:00,CMP-S02-L03-01,S02,S02-L03,1,running,203.3807,397.9358,97.3168,50.0656,1.5597,B,relation-reasoning-agent-eval-v3.1
2026-08-24T21:10:00+09:00,CMP-S02-L04-01,S02,S02-L04,1,running,160.8111,419.0853,97.8343,46.2866,0.8069,A,relation-reasoning-agent-eval-v3.1
2026-08-24T21:10:00+09:00,CMP-S02-L05-01,S02,S02-L05,1,running,167.4145,340.556,96.7327,41.9752,0.3037,A,relation-reasoning-agent-eval-v3.1
2026-08-24T21:20:00+09:00,CMP-S02-L01-01,S02,S02-L01,1,running,172.176,469.4119,101.5798,32.5781,-1.2125,B,relation-reasoning-agent-eval-v3.1
2026-08-24T21:20:00+09:00,CMP-S02-L02-01,S02,S02-L02,1,running,147.3416,403.4758,102.6956,35.2065,-0.9141,A,relation-reasoning-agent-eval-v3.1
2026-08-24T21:20:00+09:00,CMP-S02-L03-01,S02,S02-L03,1,running,202.0767,434.977,99.3587,58.0581,3.0398,D,relation-reasoning-agent-eval-v3.1
2026-08-24T21:20:00+09:00,CMP-S02-L04-01,S02,S02-L04,1,running,167.724,420.6862,103.7792,46.4137,0.8305,A,relation-reasoning-agent-eval-v3.1
2026-08-24T21:20:00+09:00,CMP-S02-L05-01,S02,S02-L05,1,running,162.5675,396.2162,97.6961,39.2233,-0.2059,A,relation-reasoning-agent-eval-v3.1
2026-08-24T21:30:00+09:00,CMP-S02-L01-01,S02,S02-L01,1,running,153.4585,494.8197,109.0864,36.0107,-0.5768,A,relation-reasoning-agent-eval-v3.1
2026-08-24T21:30:00+09:00,CMP-S02-L02-01,S02,S02-L02,1,running,132.4313,445.6382,100.1787,34.4136,-1.0609,B,relation-reasoning-agent-eval-v3.1
2026-08-24T21:30:00+09:00,CMP-S02-L03-01,S02,S02-L03,1,running,166.416,418.5214,93.8445,50.8805,1.7106,B,relation-reasoning-agent-eval-v3.1
2026-08-24T21:30:00+09:00,CMP-S02-L04-01,S02,S02-L04,1,running,172.288,396.077,101.8731,37.6794,-0.787,A,relation-reasoning-agent-eval-v3.1
2026-08-24T21:30:00+09:00,CMP-S02-L05-01,S02,S02-L05,1,running,167.637,403.4429,99.0019,37.3813,-0.547,A,relation-reasoning-agent-eval-v3.1
2026-08-24T21:40:00+09:00,CMP-S02-L01-01,S02,S02-L01,1,running,176.1227,432.5159,111.8841,37.8273,-0.2404,A,relation-reasoning-agent-eval-v3.1
2026-08-24T21:40:00+09:00,CMP-S02-L02-01,S02,S02-L02,1,running,149.8055,473.4538,99.6528,34.8299,-0.9838,A,relation-reasoning-agent-eval-v3.1
2026-08-24T21:40:00+09:00,CMP-S02-L03-01,S02,S02-L03,1,running,170.3079,411.9965,96.629,48.4532,1.2611,B,relation-reasoning-agent-eval-v3.1
2026-08-24T21:40:00+09:00,CMP-S02-L04-01,S02,S02-L04,1,running,164.8682,402.6382,107.9462,35.0942,-1.2657,B,relation-reasoning-agent-eval-v3.1
2026-08-24T21:40:00+09:00,CMP-S02-L05-01,S02,S02-L05,1,running,162.4327,396.7577,103.8597,34.2232,-1.1318,B,relation-reasoning-agent-eval-v3.1
2026-08-24T21:50:00+09:00,CMP-S02-L01-01,S02,S02-L01,1,running,178.8269,474.4544,108.7492,39.6878,0.1041,A,relation-reasoning-agent-eval-v3.1
2026-08-24T21:50:00+09:00,CMP-S02-L02-01,S02,S02-L02,1,running,177.8143,438.4782,92.7798,36.3046,-0.7107,A,relation-reasoning-agent-eval-v3.1
2026-08-24T21:50:00+09:00,CMP-S02-L03-01,S02,S02-L03,1,running,168.8827,434.771,100.6758,44.4438,0.5186,A,relation-reasoning-agent-eval-v3.1
2026-08-24T21:50:00+09:00,CMP-S02-L04-01,S02,S02-L04,1,running,155.5915,430.8552,100.0678,28.8792,-2.4167,C,relation-reasoning-agent-eval-v3.1
2026-08-24T21:50:00+09:00,CMP-S02-L05-01,S02,S02-L05,1,running,149.6498,401.3063,99.2228,45.8427,1.02,B,relation-reasoning-agent-eval-v3.1
2026-08-24T22:00:00+09:00,CMP-S02-L01-01,S02,S02-L01,1,running,179.8019,500.0424,110.6271,43.7079,0.8486,A,relation-reasoning-agent-eval-v3.1
2026-08-24T22:00:00+09:00,CMP-S02-L02-01,S02,S02-L02,1,running,174.5038,440.0935,95.4637,33.8803,-1.1597,B,relation-reasoning-agent-eval-v3.1
2026-08-24T22:00:00+09:00,CMP-S02-L03-01,S02,S02-L03,1,running,174.7497,430.1114,96.9236,43.3659,0.319,A,relation-reasoning-agent-eval-v3.1
2026-08-24T22:00:00+09:00,CMP-S02-L04-01,S02,S02-L04,1,running,162.0736,412.275,99.1111,33.064,-1.6417,B,relation-reasoning-agent-eval-v3.1
2026-08-24T22:00:00+09:00,CMP-S02-L05-01,S02,S02-L05,1,running,163.8183,430.829,101.9298,44.2964,0.7336,A,relation-reasoning-agent-eval-v3.1
2026-08-24T22:10:00+09:00,CMP-S02-L01-01,S02,S02-L01,1,running,181.2093,490.8654,111.1213,40.7506,0.3009,A,relation-reasoning-agent-eval-v3.1
2026-08-24T22:10:00+09:00,CMP-S02-L02-01,S02,S02-L02,1,running,165.0155,481.5655,93.3067,39.8647,-0.0515,A,relation-reasoning-agent-eval-v3.1
2026-08-24T22:10:00+09:00,CMP-S02-L03-01,S02,S02-L03,1,running,178.7034,454.1267,99.7085,42.9419,0.2405,A,relation-reasoning-agent-eval-v3.1
2026-08-24T22:10:00+09:00,CMP-S02-L04-01,S02,S02-L04,1,running,167.5043,411.275,89.0587,34.0129,-1.466,B,relation-reasoning-agent-eval-v3.1
2026-08-24T22:10:00+09:00,CMP-S02-L05-01,S02,S02-L05,1,running,183.3007,397.0843,96.6775,41.357,0.1893,A,relation-reasoning-agent-eval-v3.1
2026-08-24T22:20:00+09:00,CMP-S02-L01-01,S02,S02-L01,1,running,157.8951,487.9916,107.959,38.3001,-0.1529,A,relation-reasoning-agent-eval-v3.1
2026-08-24T22:20:00+09:00,CMP-S02-L02-01,S02,S02-L02,1,running,173.7231,452.3491,97.1222,41.4997,0.2513,A,relation-reasoning-agent-eval-v3.1
2026-08-24T22:20:00+09:00,CMP-S02-L03-01,S02,S02-L03,1,running,170.631,449.4599,99.7458,45.0397,0.629,A,relation-reasoning-agent-eval-v3.1
2026-08-24T22:20:00+09:00,CMP-S02-L04-01,S02,S02-L04,1,running,164.383,436.2963,94.6104,38.6046,-0.6156,A,relation-reasoning-agent-eval-v3.1
2026-08-24T22:20:00+09:00,CMP-S02-L05-01,S02,S02-L05,1,running,172.2521,407.2808,94.1694,39.8606,-0.0879,A,relation-reasoning-agent-eval-v3.1
2026-08-24T22:30:00+09:00,CMP-S02-L01-01,S02,S02-L01,1,running,161.1997,477.1864,103.3085,39.3596,0.0433,A,relation-reasoning-agent-eval-v3.1
2026-08-24T22:30:00+09:00,CMP-S02-L02-01,S02,S02-L02,1,running,170.2928,416.4901,88.0037,40.882,0.1369,A,relation-reasoning-agent-eval-v3.1
2026-08-24T22:30:00+09:00,CMP-S02-L03-01,S02,S02-L03,1,running,171.773,396.8221,99.7744,47.1312,1.0163,B,relation-reasoning-agent-eval-v3.1
2026-08-24T22:30:00+09:00,CMP-S02-L04-01,S02,S02-L04,1,running,167.2904,392.6967,100.8537,42.6986,0.1425,A,relation-reasoning-agent-eval-v3.1
2026-08-24T22:30:00+09:00,CMP-S02-L05-01,S02,S02-L05,1,running,165.9503,444.9246,93.5779,35.6278,-0.8717,A,relation-reasoning-agent-eval-v3.1
2026-08-24T22:40:00+09:00,CMP-S02-L01-01,S02,S02-L01,1,running,165.7939,491.1638,103.2658,40.8023,0.3105,A,relation-reasoning-agent-eval-v3.1
2026-08-24T22:40:00+09:00,CMP-S02-L02-01,S02,S02-L02,1,running,163.3177,431.1211,92.1891,39.3344,-0.1497,A,relation-reasoning-agent-eval-v3.1
2026-08-24T22:40:00+09:00,CMP-S02-L03-01,S02,S02-L03,1,running,174.7302,427.4074,98.6682,44.4759,0.5246,A,relation-reasoning-agent-eval-v3.1
2026-08-24T22:40:00+09:00,CMP-S02-L04-01,S02,S02-L04,1,running,161.5223,350.7073,100.5191,44.7103,0.515,A,relation-reasoning-agent-eval-v3.1
2026-08-24T22:40:00+09:00,CMP-S02-L05-01,S02,S02-L05,1,running,153.6752,466.9111,92.6639,35.9323,-0.8153,A,relation-reasoning-agent-eval-v3.1
2026-08-24T22:50:00+09:00,CMP-S02-L01-01,S02,S02-L01,1,running,171.2624,513.5932,95.5677,39.5126,0.0717,A,relation-reasoning-agent-eval-v3.1
2026-08-24T22:50:00+09:00,CMP-S02-L02-01,S02,S02-L02,1,running,177.4534,448.5758,99.6864,45.4255,0.9783,A,relation-reasoning-agent-eval-v3.1
2026-08-24T22:50:00+09:00,CMP-S02-L03-01,S02,S02-L03,1,running,178.3131,457.2407,101.935,43.3575,0.3175,A,relation-reasoning-agent-eval-v3.1
2026-08-24T22:50:00+09:00,CMP-S02-L04-01,S02,S02-L04,1,running,153.2478,360.165,100.1978,42.6802,0.1391,A,relation-reasoning-agent-eval-v3.1
2026-08-24T22:50:00+09:00,CMP-S02-L05-01,S02,S02-L05,1,running,153.999,458.487,92.9228,38.5685,-0.3271,A,relation-reasoning-agent-eval-v3.1
2026-08-24T23:00:00+09:00,CMP-S02-L01-01,S02,S02-L01,1,running,174.0644,481.1244,92.8379,41.2864,0.4001,A,relation-reasoning-agent-eval-v3.1
2026-08-24T23:00:00+09:00,CMP-S02-L02-01,S02,S02-L02,1,running,176.3628,482.7399,96.9932,45.368,0.9677,A,relation-reasoning-agent-eval-v3.1
2026-08-24T23:00:00+09:00,CMP-S02-L03-01,S02,S02-L03,1,running,191.6188,440.898,100.865,46.9058,0.9746,A,relation-reasoning-agent-eval-v3.1
2026-08-24T23:00:00+09:00,CMP-S02-L04-01,S02,S02-L04,1,running,143.5319,373.8422,102.123,44.2352,0.427,A,relation-reasoning-agent-eval-v3.1
2026-08-24T23:00:00+09:00,CMP-S02-L05-01,S02,S02-L05,1,running,158.223,466.663,87.8484,40.5669,0.043,A,relation-reasoning-agent-eval-v3.1
2026-08-24T23:10:00+09:00,CMP-S02-L01-01,S02,S02-L01,1,running,170.7044,468.0838,101.3853,37.0136,-0.3911,A,relation-reasoning-agent-eval-v3.1
2026-08-24T23:10:00+09:00,CMP-S02-L02-01,S02,S02-L02,1,running,166.1087,429.7794,103.1665,40.495,0.0652,A,relation-reasoning-agent-eval-v3.1
2026-08-24T23:10:00+09:00,CMP-S02-L03-01,S02,S02-L03,1,running,191.4512,431.778,100.1409,51.397,1.8062,B,relation-reasoning-agent-eval-v3.1
2026-08-24T23:10:00+09:00,CMP-S02-L04-01,S02,S02-L04,1,running,159.5965,379.8155,100.3952,43.1586,0.2277,A,relation-reasoning-agent-eval-v3.1
2026-08-24T23:10:00+09:00,CMP-S02-L05-01,S02,S02-L05,1,running,142.579,528.6909,90.792,45.2291,0.9063,A,relation-reasoning-agent-eval-v3.1
2026-08-24T23:20:00+09:00,CMP-S02-L01-01,S02,S02-L01,1,running,182.858,460.3615,101.0049,40.9324,0.3346,A,relation-reasoning-agent-eval-v3.1
2026-08-24T23:20:00+09:00,CMP-S02-L02-01,S02,S02-L02,1,running,151.3822,454.9434,108.0249,38.6552,-0.2755,A,relation-reasoning-agent-eval-v3.1
2026-08-24T23:20:00+09:00,CMP-S02-L03-01,S02,S02-L03,1,running,167.1168,458.2682,98.4387,51.2238,1.7742,B,relation-reasoning-agent-eval-v3.1
2026-08-24T23:20:00+09:00,CMP-S02-L04-01,S02,S02-L04,1,running,171.5668,424.1793,93.7073,39.3414,-0.4792,A,relation-reasoning-agent-eval-v3.1
2026-08-24T23:20:00+09:00,CMP-S02-L05-01,S02,S02-L05,1,running,141.5767,482.2024,91.0116,37.2862,-0.5646,A,relation-reasoning-agent-eval-v3.1
2026-08-24T23:30:00+09:00,CMP-S02-L01-01,S02,S02-L01,1,running,165.8919,436.43,102.881,41.4866,0.4372,A,relation-reasoning-agent-eval-v3.1
2026-08-24T23:30:00+09:00,CMP-S02-L02-01,S02,S02-L02,1,running,145.8788,459.4349,99.5192,37.0985,-0.5637,A,relation-reasoning-agent-eval-v3.1
2026-08-24T23:30:00+09:00,CMP-S02-L03-01,S02,S02-L03,1,running,172.9183,437.0223,97.5246,49.1273,1.386,B,relation-reasoning-agent-eval-v3.1
2026-08-24T23:30:00+09:00,CMP-S02-L04-01,S02,S02-L04,1,running,170.1222,453.0659,91.2945,44.2578,0.4312,A,relation-reasoning-agent-eval-v3.1
2026-08-24T23:30:00+09:00,CMP-S02-L05-01,S02,S02-L05,1,running,141.6388,476.7707,89.5914,34.9068,-1.0052,B,relation-reasoning-agent-eval-v3.1
2026-08-24T23:40:00+09:00,CMP-S02-L01-01,S02,S02-L01,1,running,163.2358,436.7922,107.3563,44.6692,1.0266,B,relation-reasoning-agent-eval-v3.1
2026-08-24T23:40:00+09:00,CMP-S02-L02-01,S02,S02-L02,1,running,144.003,554.2405,95.3926,41.5717,0.2646,A,relation-reasoning-agent-eval-v3.1
2026-08-24T23:40:00+09:00,CMP-S02-L03-01,S02,S02-L03,1,running,172.5632,454.1456,98.4132,46.8622,0.9665,A,relation-reasoning-agent-eval-v3.1
2026-08-24T23:40:00+09:00,CMP-S02-L04-01,S02,S02-L04,1,running,177.7163,433.9053,93.8465,47.5235,1.036,B,relation-reasoning-agent-eval-v3.1
2026-08-24T23:40:00+09:00,CMP-S02-L05-01,S02,S02-L05,1,running,141.9367,436.4963,79.1817,35.6927,-0.8597,A,relation-reasoning-agent-eval-v3.1
2026-08-24T23:50:00+09:00,CMP-S02-L01-01,S02,S02-L01,1,running,180.2693,453.4317,107.5804,38.4451,-0.126,A,relation-reasoning-agent-eval-v3.1
2026-08-24T23:50:00+09:00,CMP-S02-L02-01,S02,S02-L02,1,running,141.7406,518.6289,95.5508,42.7672,0.486,A,relation-reasoning-agent-eval-v3.1
2026-08-24T23:50:00+09:00,CMP-S02-L03-01,S02,S02-L03,1,running,153.4839,420.9202,105.5783,45.7333,0.7575,A,relation-reasoning-agent-eval-v3.1
2026-08-24T23:50:00+09:00,CMP-S02-L04-01,S02,S02-L04,1,running,170.2323,424.7896,97.8585,48.2969,1.1792,B,relation-reasoning-agent-eval-v3.1
2026-08-24T23:50:00+09:00,CMP-S02-L05-01,S02,S02-L05,1,running,159.0118,371.6466,76.712,36.9804,-0.6212,A,relation-reasoning-agent-eval-v3.1
2026-08-25T00:00:00+09:00,CMP-S02-L01-01,S02,S02-L01,1,running,179.0746,451.7558,109.4252,35.698,-0.6348,A,relation-reasoning-agent-eval-v3.1
2026-08-25T00:00:00+09:00,CMP-S02-L02-01,S02,S02-L02,1,running,134.2157,459.2363,97.1931,44.0468,0.723,A,relation-reasoning-agent-eval-v3.1
2026-08-25T00:00:00+09:00,CMP-S02-L03-01,S02,S02-L03,1,running,155.974,427.3991,101.3787,49.6019,1.4738,B,relation-reasoning-agent-eval-v3.1
2026-08-25T00:00:00+09:00,CMP-S02-L04-01,S02,S02-L04,1,running,181.1567,427.1281,95.704,47.3435,1.0027,B,relation-reasoning-agent-eval-v3.1
2026-08-25T00:00:00+09:00,CMP-S02-L05-01,S02,S02-L05,1,running,142.269,416.2163,82.5267,36.6969,-0.6737,A,relation-reasoning-agent-eval-v3.1
2026-08-25T00:10:00+09:00,CMP-S02-L01-01,S02,S02-L01,1,running,176.1679,464.0784,112.6487,31.3821,-1.434,B,relation-reasoning-agent-eval-v3.1
2026-08-25T00:10:00+09:00,CMP-S02-L02-01,S02,S02-L02,1,running,131.0904,439.5422,100.5215,46.6609,1.2071,B,relation-reasoning-agent-eval-v3.1
2026-08-25T00:10:00+09:00,CMP-S02-L03-01,S02,S02-L03,1,running,178.0122,419.4865,100.9584,44.5007,0.5291,A,relation-reasoning-agent-eval-v3.1
2026-08-25T00:10:00+09:00,CMP-S02-L04-01,S02,S02-L04,1,running,178.5578,480.5795,100.5663,43.4762,0.2865,A,relation-reasoning-agent-eval-v3.1
2026-08-25T00:10:00+09:00,CMP-S02-L05-01,S02,S02-L05,1,running,147.6924,430.6641,89.014,36.1906,-0.7675,A,relation-reasoning-agent-eval-v3.1
2026-08-25T00:20:00+09:00,CMP-S02-L01-01,S02,S02-L01,1,running,170.4288,445.5639,113.5988,33.5512,-1.0323,B,relation-reasoning-agent-eval-v3.1
2026-08-25T00:20:00+09:00,CMP-S02-L02-01,S02,S02-L02,1,running,150.5442,435.2278,101.533,39.6664,-0.0882,A,relation-reasoning-agent-eval-v3.1
2026-08-25T00:20:00+09:00,CMP-S02-L03-01,S02,S02-L03,1,running,180.743,450.236,105.0687,50.7962,1.695,B,relation-reasoning-agent-eval-v3.1
2026-08-25T00:20:00+09:00,CMP-S02-L04-01,S02,S02-L04,1,running,189.7558,471.5023,108.9705,50.27,1.5446,B,relation-reasoning-agent-eval-v3.1
2026-08-25T00:20:00+09:00,CMP-S02-L05-01,S02,S02-L05,1,running,159.4765,440.474,90.3955,39.9848,-0.0648,A,relation-reasoning-agent-eval-v3.1
2026-08-25T00:30:00+09:00,CMP-S02-L01-01,S02,S02-L01,1,running,185.5641,463.6554,104.8462,34.8404,-0.7936,A,relation-reasoning-agent-eval-v3.1
2026-08-25T00:30:00+09:00,CMP-S02-L02-01,S02,S02-L02,1,running,143.3269,455.1702,104.153,42.3879,0.4158,A,relation-reasoning-agent-eval-v3.1
2026-08-25T00:30:00+09:00,CMP-S02-L03-01,S02,S02-L03,1,running,176.49,457.1175,95.1946,52.4149,1.9947,B,relation-reasoning-agent-eval-v3.1
2026-08-25T00:30:00+09:00,CMP-S02-L04-01,S02,S02-L04,1,running,174.5155,492.7406,107.2745,50.8636,1.6545,B,relation-reasoning-agent-eval-v3.1
2026-08-25T00:30:00+09:00,CMP-S02-L05-01,S02,S02-L05,1,running,154.2836,480.9056,84.7717,37.227,-0.5756,A,relation-reasoning-agent-eval-v3.1
2026-08-25T00:40:00+09:00,CMP-S02-L01-01,S02,S02-L01,1,running,192.9656,479.1356,94.7066,35.5535,-0.6615,A,relation-reasoning-agent-eval-v3.1
2026-08-25T00:40:00+09:00,CMP-S02-L02-01,S02,S02-L02,1,running,154.3816,480.4647,103.9848,42.6413,0.4627,A,relation-reasoning-agent-eval-v3.1
2026-08-25T00:40:00+09:00,CMP-S02-L03-01,S02,S02-L03,1,running,169.8223,433.3247,97.8665,54.1514,2.3164,C,relation-reasoning-agent-eval-v3.1
2026-08-25T00:40:00+09:00,CMP-S02-L04-01,S02,S02-L04,1,running,174.047,514.3744,105.8111,52.858,2.0239,C,relation-reasoning-agent-eval-v3.1
2026-08-25T00:40:00+09:00,CMP-S02-L05-01,S02,S02-L05,1,running,147.5732,476.7452,91.387,39.3881,-0.1754,A,relation-reasoning-agent-eval-v3.1
2026-08-25T00:50:00+09:00,CMP-S02-L01-01,S02,S02-L01,1,running,200.5816,474.4666,96.3932,38.3971,-0.1349,A,relation-reasoning-agent-eval-v3.1
2026-08-25T00:50:00+09:00,CMP-S02-L02-01,S02,S02-L02,1,running,164.5843,443.8678,101.7605,47.4042,1.3447,B,relation-reasoning-agent-eval-v3.1
2026-08-25T00:50:00+09:00,CMP-S02-L03-01,S02,S02-L03,1,running,175.7732,433.4752,100.094,46.4226,0.8851,A,relation-reasoning-agent-eval-v3.1
2026-08-25T00:50:00+09:00,CMP-S02-L04-01,S02,S02-L04,1,running,187.0254,472.0941,105.8166,54.0938,2.2527,C,relation-reasoning-agent-eval-v3.1
2026-08-25T00:50:00+09:00,CMP-S02-L05-01,S02,S02-L05,1,running,141.2465,448.9358,98.6576,35.4387,-0.9067,A,relation-reasoning-agent-eval-v3.1
2026-08-25T01:00:00+09:00,CMP-S02-L01-01,S02,S02-L01,1,running,189.4612,466.1757,92.7486,42.3084,0.5894,A,relation-reasoning-agent-eval-v3.1
2026-08-25T01:00:00+09:00,CMP-S02-L02-01,S02,S02-L02,1,running,180.5871,408.757,91.8627,44.8871,0.8786,A,relation-reasoning-agent-eval-v3.1
2026-08-25T01:00:00+09:00,CMP-S02-L03-01,S02,S02-L03,1,running,177.933,463.5074,95.2756,44.4515,0.5201,A,relation-reasoning-agent-eval-v3.1
2026-08-25T01:00:00+09:00,CMP-S02-L04-01,S02,S02-L04,1,running,200.3657,467.3849,104.973,44.9603,0.5613,A,relation-reasoning-agent-eval-v3.1
2026-08-25T01:00:00+09:00,CMP-S02-L05-01,S02,S02-L05,1,running,149.6808,478.843,96.3951,35.1211,-0.9655,A,relation-reasoning-agent-eval-v3.1
2026-08-25T01:10:00+09:00,CMP-S02-L01-01,S02,S02-L01,1,running,181.4319,394.4689,92.8791,41.2406,0.3917,A,relation-reasoning-agent-eval-v3.1
2026-08-25T01:10:00+09:00,CMP-S02-L02-01,S02,S02-L02,1,running,161.5015,409.4858,101.9769,48.4917,1.5461,B,relation-reasoning-agent-eval-v3.1
2026-08-25T01:10:00+09:00,CMP-S02-L03-01,S02,S02-L03,1,running,178.7516,446.1343,99.7252,48.8487,1.3343,B,relation-reasoning-agent-eval-v3.1
2026-08-25T01:10:00+09:00,CMP-S02-L04-01,S02,S02-L04,1,running,196.1654,497.3815,99.9021,47.3515,1.0041,B,relation-reasoning-agent-eval-v3.1
2026-08-25T01:10:00+09:00,CMP-S02-L05-01,S02,S02-L05,1,running,147.9658,456.8137,96.8105,35.7212,-0.8544,A,relation-reasoning-agent-eval-v3.1
2026-08-25T01:20:00+09:00,CMP-S02-L01-01,S02,S02-L01,1,running,172.031,400.5511,98.6276,45.8137,1.2385,B,relation-reasoning-agent-eval-v3.1
2026-08-25T01:20:00+09:00,CMP-S02-L02-01,S02,S02-L02,1,running,169.8184,471.0127,94.9845,52.2015,2.2331,C,relation-reasoning-agent-eval-v3.1
2026-08-25T01:20:00+09:00,CMP-S02-L03-01,S02,S02-L03,1,running,171.5722,502.4575,92.3088,48.2851,1.2299,B,relation-reasoning-agent-eval-v3.1
2026-08-25T01:20:00+09:00,CMP-S02-L04-01,S02,S02-L04,1,running,194.992,513.7122,112.3719,41.4523,-0.0883,A,relation-reasoning-agent-eval-v3.1
2026-08-25T01:20:00+09:00,CMP-S02-L05-01,S02,S02-L05,1,running,144.7518,455.8051,95.7025,29.8811,-1.9359,B,relation-reasoning-agent-eval-v3.1
2026-08-25T01:30:00+09:00,CMP-S02-L01-01,S02,S02-L01,1,running,174.2831,385.7708,96.4738,46.6523,1.3938,B,relation-reasoning-agent-eval-v3.1
2026-08-25T01:30:00+09:00,CMP-S02-L02-01,S02,S02-L02,1,running,158.3272,507.2191,96.7457,47.4886,1.3604,B,relation-reasoning-agent-eval-v3.1
2026-08-25T01:30:00+09:00,CMP-S02-L03-01,S02,S02-L03,1,running,181.6492,490.9995,98.5861,42.356,0.132,A,relation-reasoning-agent-eval-v3.1
2026-08-25T01:30:00+09:00,CMP-S02-L04-01,S02,S02-L04,1,running,208.9796,453.7089,119.1999,47.2837,0.9916,A,relation-reasoning-agent-eval-v3.1
2026-08-25T01:30:00+09:00,CMP-S02-L05-01,S02,S02-L05,1,running,155.7842,441.5756,98.076,41.4191,0.2008,A,relation-reasoning-agent-eval-v3.1
2026-08-25T01:40:00+09:00,CMP-S02-L01-01,S02,S02-L01,1,running,151.8636,380.6406,106.8402,48.68,1.7693,B,relation-reasoning-agent-eval-v3.1
2026-08-25T01:40:00+09:00,CMP-S02-L02-01,S02,S02-L02,1,running,155.8573,468.9669,96.1484,44.3162,0.7729,A,relation-reasoning-agent-eval-v3.1
2026-08-25T01:40:00+09:00,CMP-S02-L03-01,S02,S02-L03,1,running,173.1626,506.5353,101.6057,46.0063,0.808,A,relation-reasoning-agent-eval-v3.1
2026-08-25T01:40:00+09:00,CMP-S02-L04-01,S02,S02-L04,1,running,169.4519,479.1016,111.6587,44.4144,0.4602,A,relation-reasoning-agent-eval-v3.1
2026-08-25T01:40:00+09:00,CMP-S02-L05-01,S02,S02-L05,1,running,159.4118,472.0636,95.9306,41.7851,0.2685,A,relation-reasoning-agent-eval-v3.1
2026-08-25T01:50:00+09:00,CMP-S02-L01-01,S02,S02-L01,1,running,166.7179,425.6639,104.1162,47.2106,1.4972,B,relation-reasoning-agent-eval-v3.1
2026-08-25T01:50:00+09:00,CMP-S02-L02-01,S02,S02-L02,1,running,152.6074,404.535,103.1694,37.9589,-0.4044,A,relation-reasoning-agent-eval-v3.1
2026-08-25T01:50:00+09:00,CMP-S02-L03-01,S02,S02-L03,1,running,179.8691,480.4815,102.776,45.5916,0.7312,A,relation-reasoning-agent-eval-v3.1
2026-08-25T01:50:00+09:00,CMP-S02-L04-01,S02,S02-L04,1,running,155.3326,472.6969,108.4835,48.5987,1.2351,B,relation-reasoning-agent-eval-v3.1
2026-08-25T01:50:00+09:00,CMP-S02-L05-01,S02,S02-L05,1,running,178.8786,460.7351,99.4413,34.7266,-1.0386,B,relation-reasoning-agent-eval-v3.1
2026-08-25T02:00:00+09:00,CMP-S02-L01-01,S02,S02-L01,1,running,183.639,476.2338,106.0227,43.4819,0.8067,A,relation-reasoning-agent-eval-v3.1
2026-08-25T02:00:00+09:00,CMP-S02-L02-01,S02,S02-L02,1,running,149.3475,451.2078,103.9121,35.8818,-0.7891,A,relation-reasoning-agent-eval-v3.1
2026-08-25T02:00:00+09:00,CMP-S02-L03-01,S02,S02-L03,1,running,167.1702,468.8281,105.084,39.7794,-0.3452,A,relation-reasoning-agent-eval-v3.1
2026-08-25T02:00:00+09:00,CMP-S02-L04-01,S02,S02-L04,1,running,173.6927,449.0372,109.1065,48.5653,1.2289,B,relation-reasoning-agent-eval-v3.1
2026-08-25T02:00:00+09:00,CMP-S02-L05-01,S02,S02-L05,1,running,186.5166,457.2441,96.2272,32.8436,-1.3873,B,relation-reasoning-agent-eval-v3.1
2026-08-25T02:10:00+09:00,CMP-S02-L01-01,S02,S02-L01,1,running,176.4291,477.9075,109.8103,41.7141,0.4793,A,relation-reasoning-agent-eval-v3.1
2026-08-25T02:10:00+09:00,CMP-S02-L02-01,S02,S02-L02,1,running,161.082,494.4385,104.1932,37.3348,-0.52,A,relation-reasoning-agent-eval-v3.1
2026-08-25T02:10:00+09:00,CMP-S02-L03-01,S02,S02-L03,1,running,159.9672,433.2147,106.5141,39.6317,-0.3725,A,relation-reasoning-agent-eval-v3.1
2026-08-25T02:10:00+09:00,CMP-S02-L04-01,S02,S02-L04,1,running,187.2317,469.7242,102.6315,46.2145,0.7936,A,relation-reasoning-agent-eval-v3.1
2026-08-25T02:10:00+09:00,CMP-S02-L05-01,S02,S02-L05,1,running,170.716,479.7381,93.8676,39.3637,-0.1799,A,relation-reasoning-agent-eval-v3.1
2026-08-25T02:20:00+09:00,CMP-S02-L01-01,S02,S02-L01,1,running,170.0818,452.5173,110.7621,40.4905,0.2527,A,relation-reasoning-agent-eval-v3.1
2026-08-25T02:20:00+09:00,CMP-S02-L02-01,S02,S02-L02,1,running,160.9058,465.51,102.1374,43.9022,0.6962,A,relation-reasoning-agent-eval-v3.1
2026-08-25T02:20:00+09:00,CMP-S02-L03-01,S02,S02-L03,1,running,156.8315,407.767,104.4555,42.4341,0.1465,A,relation-reasoning-agent-eval-v3.1
2026-08-25T02:20:00+09:00,CMP-S02-L04-01,S02,S02-L04,1,running,183.1787,482.0538,104.3405,54.6712,2.3596,C,relation-reasoning-agent-eval-v3.1
2026-08-25T02:20:00+09:00,CMP-S02-L05-01,S02,S02-L05,1,running,157.7973,480.6424,91.7685,34.2213,-1.1322,B,relation-reasoning-agent-eval-v3.1
2026-08-25T02:30:00+09:00,CMP-S02-L01-01,S02,S02-L01,1,running,185.3837,474.8648,109.5398,43.2657,0.7667,A,relation-reasoning-agent-eval-v3.1
2026-08-25T02:30:00+09:00,CMP-S02-L02-01,S02,S02-L02,1,running,162.2443,498.4609,101.8147,40.5939,0.0836,A,relation-reasoning-agent-eval-v3.1
2026-08-25T02:30:00+09:00,CMP-S02-L03-01,S02,S02-L03,1,running,179.6391,391.4563,98.4189,38.9138,-0.5055,A,relation-reasoning-agent-eval-v3.1
2026-08-25T02:30:00+09:00,CMP-S02-L04-01,S02,S02-L04,1,running,175.5597,466.5737,100.6464,50.0613,1.506,B,relation-reasoning-agent-eval-v3.1
2026-08-25T02:30:00+09:00,CMP-S02-L05-01,S02,S02-L05,1,running,166.0616,488.4957,88.1877,37.3947,-0.5445,A,relation-reasoning-agent-eval-v3.1
2026-08-25T02:40:00+09:00,CMP-S02-L01-01,S02,S02-L01,1,running,179.5426,458.2907,101.3167,41.0463,0.3557,A,relation-reasoning-agent-eval-v3.1
2026-08-25T02:40:00+09:00,CMP-S02-L02-01,S02,S02-L02,1,running,159.8617,445.0195,95.1455,43.1533,0.5575,A,relation-reasoning-agent-eval-v3.1
2026-08-25T02:40:00+09:00,CMP-S02-L03-01,S02,S02-L03,1,running,185.9666,411.0614,95.359,42.9933,0.25,A,relation-reasoning-agent-eval-v3.1
2026-08-25T02:40:00+09:00,CMP-S02-L04-01,S02,S02-L04,1,running,160.9013,408.8296,108.2337,52.8152,2.0159,C,relation-reasoning-agent-eval-v3.1
2026-08-25T02:40:00+09:00,CMP-S02-L05-01,S02,S02-L05,1,running,185.6689,443.4521,96.04,37.2478,-0.5717,A,relation-reasoning-agent-eval-v3.1
2026-08-25T02:50:00+09:00,CMP-S02-L01-01,S02,S02-L01,1,running,182.1057,430.6836,102.0988,38.9939,-0.0244,A,relation-reasoning-agent-eval-v3.1
2026-08-25T02:50:00+09:00,CMP-S02-L02-01,S02,S02-L02,1,running,152.3082,371.3992,95.1935,38.909,-0.2285,A,relation-reasoning-agent-eval-v3.1
2026-08-25T02:50:00+09:00,CMP-S02-L03-01,S02,S02-L03,1,running,199.5569,388.0963,92.707,37.461,-0.7745,A,relation-reasoning-agent-eval-v3.1
2026-08-25T02:50:00+09:00,CMP-S02-L04-01,S02,S02-L04,1,running,148.0049,512.8207,103.8419,46.046,0.7624,A,relation-reasoning-agent-eval-v3.1
2026-08-25T02:50:00+09:00,CMP-S02-L05-01,S02,S02-L05,1,running,187.5907,440.8397,99.8952,34.7526,-1.0338,B,relation-reasoning-agent-eval-v3.1
2026-08-25T03:00:00+09:00,CMP-S02-L01-01,S02,S02-L01,1,running,173.2442,442.6541,101.2386,43.2055,0.7555,A,relation-reasoning-agent-eval-v3.1
2026-08-25T03:00:00+09:00,CMP-S02-L02-01,S02,S02-L02,1,running,155.9301,401.3325,100.0219,34.4971,-1.0455,B,relation-reasoning-agent-eval-v3.1
2026-08-25T03:00:00+09:00,CMP-S02-L03-01,S02,S02-L03,1,running,192.8726,432.6409,94.9311,40.1036,-0.2851,A,relation-reasoning-agent-eval-v3.1
2026-08-25T03:00:00+09:00,CMP-S02-L04-01,S02,S02-L04,1,running,165.3401,485.4133,101.4899,52.2859,1.9179,B,relation-reasoning-agent-eval-v3.1
2026-08-25T03:00:00+09:00,CMP-S02-L05-01,S02,S02-L05,1,running,169.2155,410.2018,102.363,38.2913,-0.3785,A,relation-reasoning-agent-eval-v3.1
2026-08-25T03:10:00+09:00,CMP-S02-L01-01,S02,S02-L01,1,running,161.3629,450.0843,96.6011,41.9918,0.5308,A,relation-reasoning-agent-eval-v3.1
2026-08-25T03:10:00+09:00,CMP-S02-L02-01,S02,S02-L02,1,running,170.5438,418.4311,100.4385,32.7589,-1.3674,B,relation-reasoning-agent-eval-v3.1
2026-08-25T03:10:00+09:00,CMP-S02-L03-01,S02,S02-L03,1,running,174.1826,489.9182,94.4411,45.6672,0.7452,A,relation-reasoning-agent-eval-v3.1
2026-08-25T03:10:00+09:00,CMP-S02-L04-01,S02,S02-L04,1,running,177.5758,404.6362,109.7107,46.5109,0.8485,A,relation-reasoning-agent-eval-v3.1
2026-08-25T03:10:00+09:00,CMP-S02-L05-01,S02,S02-L05,1,running,172.5697,441.3651,94.2606,41.6056,0.2353,A,relation-reasoning-agent-eval-v3.1
2026-08-25T03:20:00+09:00,CMP-S02-L01-01,S02,S02-L01,1,running,161.0852,457.2634,93.1277,40.538,0.2615,A,relation-reasoning-agent-eval-v3.1
2026-08-25T03:20:00+09:00,CMP-S02-L02-01,S02,S02-L02,1,running,184.1178,490.7904,96.4288,33.3705,-1.2541,B,relation-reasoning-agent-eval-v3.1
2026-08-25T03:20:00+09:00,CMP-S02-L03-01,S02,S02-L03,1,running,172.6839,450.331,95.7725,41.6007,-0.0079,A,relation-reasoning-agent-eval-v3.1
2026-08-25T03:20:00+09:00,CMP-S02-L04-01,S02,S02-L04,1,running,182.581,402.5094,106.7939,44.8859,0.5475,A,relation-reasoning-agent-eval-v3.1
2026-08-25T03:20:00+09:00,CMP-S02-L05-01,S02,S02-L05,1,running,174.8282,420.5642,94.4775,41.5408,0.2233,A,relation-reasoning-agent-eval-v3.1
2026-08-25T03:30:00+09:00,CMP-S02-L01-01,S02,S02-L01,1,running,167.1295,427.6785,102.7289,40.6536,0.283,A,relation-reasoning-agent-eval-v3.1
2026-08-25T03:30:00+09:00,CMP-S02-L02-01,S02,S02-L02,1,running,195.4512,486.2799,100.8178,33.6522,-1.2019,B,relation-reasoning-agent-eval-v3.1
2026-08-25T03:30:00+09:00,CMP-S02-L03-01,S02,S02-L03,1,running,152.8186,449.2868,91.5478,39.465,-0.4034,A,relation-reasoning-agent-eval-v3.1
2026-08-25T03:30:00+09:00,CMP-S02-L04-01,S02,S02-L04,1,running,171.6427,396.9336,109.1048,41.252,-0.1254,A,relation-reasoning-agent-eval-v3.1
2026-08-25T03:30:00+09:00,CMP-S02-L05-01,S02,S02-L05,1,running,165.1884,452.1689,101.8926,42.0176,0.3116,A,relation-reasoning-agent-eval-v3.1
2026-08-25T03:40:00+09:00,CMP-S02-L01-01,S02,S02-L01,1,running,170.1434,421.5225,92.2522,40.6615,0.2844,A,relation-reasoning-agent-eval-v3.1
2026-08-25T03:40:00+09:00,CMP-S02-L02-01,S02,S02-L02,1,running,181.8425,494.0572,96.1493,31.7052,-1.5625,B,relation-reasoning-agent-eval-v3.1
2026-08-25T03:40:00+09:00,CMP-S02-L03-01,S02,S02-L03,1,running,152.6207,477.8936,97.3235,39.5291,-0.3915,A,relation-reasoning-agent-eval-v3.1
2026-08-25T03:40:00+09:00,CMP-S02-L04-01,S02,S02-L04,1,running,178.6379,411.4119,105.5453,42.1912,0.0485,A,relation-reasoning-agent-eval-v3.1
2026-08-25T03:40:00+09:00,CMP-S02-L05-01,S02,S02-L05,1,running,150.0149,464.5681,99.5135,40.963,0.1163,A,relation-reasoning-agent-eval-v3.1
2026-08-25T03:50:00+09:00,CMP-S02-L01-01,S02,S02-L01,1,running,168.1823,436.5275,96.6908,31.3189,-1.4457,B,relation-reasoning-agent-eval-v3.1
2026-08-25T03:50:00+09:00,CMP-S02-L02-01,S02,S02-L02,1,running,164.8255,522.8416,91.55,41.7482,0.2973,A,relation-reasoning-agent-eval-v3.1
2026-08-25T03:50:00+09:00,CMP-S02-L03-01,S02,S02-L03,1,running,154.0196,441.2274,93.3115,33.8112,-1.4503,B,relation-reasoning-agent-eval-v3.1
2026-08-25T03:50:00+09:00,CMP-S02-L04-01,S02,S02-L04,1,running,180.7378,450.8831,110.5584,42.3578,0.0794,A,relation-reasoning-agent-eval-v3.1
2026-08-25T03:50:00+09:00,CMP-S02-L05-01,S02,S02-L05,1,running,162.7071,454.1481,92.5256,37.9268,-0.446,A,relation-reasoning-agent-eval-v3.1
2026-08-25T04:00:00+09:00,CMP-S02-L01-01,S02,S02-L01,1,running,166.6376,433.5369,102.6142,35.1506,-0.7361,A,relation-reasoning-agent-eval-v3.1
2026-08-25T04:00:00+09:00,CMP-S02-L02-01,S02,S02-L02,1,running,171.8579,530.1628,102.1495,42.9709,0.5237,A,relation-reasoning-agent-eval-v3.1
2026-08-25T04:00:00+09:00,CMP-S02-L03-01,S02,S02-L03,1,running,151.2235,484.8967,96.7741,34.2675,-1.3659,B,relation-reasoning-agent-eval-v3.1
2026-08-25T04:00:00+09:00,CMP-S02-L04-01,S02,S02-L04,1,running,178.4588,488.0946,109.4673,44.1539,0.412,A,relation-reasoning-agent-eval-v3.1
2026-08-25T04:00:00+09:00,CMP-S02-L05-01,S02,S02-L05,1,running,163.1038,465.5829,94.439,38.0903,-0.4157,A,relation-reasoning-agent-eval-v3.1
2026-08-25T04:10:00+09:00,CMP-S02-L01-01,S02,S02-L01,1,running,154.3949,447.9352,100.3421,30.8811,-1.5268,B,relation-reasoning-agent-eval-v3.1
2026-08-25T04:10:00+09:00,CMP-S02-L02-01,S02,S02-L02,1,running,176.7825,507.262,112.3217,40.7026,0.1037,A,relation-reasoning-agent-eval-v3.1
2026-08-25T04:10:00+09:00,CMP-S02-L03-01,S02,S02-L03,1,running,167.3788,475.428,95.8787,31.84,-1.8154,B,relation-reasoning-agent-eval-v3.1
2026-08-25T04:10:00+09:00,CMP-S02-L04-01,S02,S02-L04,1,running,181.8535,420.0006,103.1787,42.6627,0.1358,A,relation-reasoning-agent-eval-v3.1
2026-08-25T04:10:00+09:00,CMP-S02-L05-01,S02,S02-L05,1,running,178.2798,468.2314,97.6277,43.168,0.5246,A,relation-reasoning-agent-eval-v3.1
2026-08-25T04:20:00+09:00,CMP-S02-L01-01,S02,S02-L01,1,running,152.4117,414.932,102.0517,33.3269,-1.0738,B,relation-reasoning-agent-eval-v3.1
2026-08-25T04:20:00+09:00,CMP-S02-L02-01,S02,S02-L02,1,running,164.1994,457.0513,106.0112,39.8948,-0.0459,A,relation-reasoning-agent-eval-v3.1
2026-08-25T04:20:00+09:00,CMP-S02-L03-01,S02,S02-L03,1,running,167.0989,455.4999,98.0322,31.3171,-1.9122,B,relation-reasoning-agent-eval-v3.1
2026-08-25T04:20:00+09:00,CMP-S02-L04-01,S02,S02-L04,1,running,180.4789,382.7464,107.853,43.2231,0.2396,A,relation-reasoning-agent-eval-v3.1
2026-08-25T04:20:00+09:00,CMP-S02-L05-01,S02,S02-L05,1,running,173.1281,486.2139,99.6591,39.8919,-0.0821,A,relation-reasoning-agent-eval-v3.1
2026-08-25T04:30:00+09:00,CMP-S02-L01-01,S02,S02-L01,1,running,148.2214,391.3843,103.1475,33.5787,-1.0272,B,relation-reasoning-agent-eval-v3.1
2026-08-25T04:30:00+09:00,CMP-S02-L02-01,S02,S02-L02,1,running,171.4419,499.3328,105.7799,42.8565,0.5026,A,relation-reasoning-agent-eval-v3.1
2026-08-25T04:30:00+09:00,CMP-S02-L03-01,S02,S02-L03,1,running,159.2657,464.0515,96.5036,31.4141,-1.8943,B,relation-reasoning-agent-eval-v3.1
2026-08-25T04:30:00+09:00,CMP-S02-L04-01,S02,S02-L04,1,running,186.5636,401.2105,108.2646,46.0389,0.7611,A,relation-reasoning-agent-eval-v3.1
2026-08-25T04:30:00+09:00,CMP-S02-L05-01,S02,S02-L05,1,running,153.7052,527.2754,95.4081,41.6763,0.2484,A,relation-reasoning-agent-eval-v3.1
2026-08-25T04:40:00+09:00,CMP-S02-L01-01,S02,S02-L01,1,running,145.8456,401.9215,101.9072,28.6378,-1.9422,B,relation-reasoning-agent-eval-v3.1
2026-08-25T04:40:00+09:00,CMP-S02-L02-01,S02,S02-L02,1,running,173.727,492.7334,112.4973,41.386,0.2302,A,relation-reasoning-agent-eval-v3.1
2026-08-25T04:40:00+09:00,CMP-S02-L03-01,S02,S02-L03,1,running,149.7195,436.7219,96.3465,38.1271,-0.6511,A,relation-reasoning-agent-eval-v3.1
2026-08-25T04:40:00+09:00,CMP-S02-L04-01,S02,S02-L04,1,running,192.663,454.7183,106.0581,43.6033,0.31,A,relation-reasoning-agent-eval-v3.1
2026-08-25T04:40:00+09:00,CMP-S02-L05-01,S02,S02-L05,1,running,156.7102,485.9866,94.087,42.5809,0.4159,A,relation-reasoning-agent-eval-v3.1
2026-08-25T04:50:00+09:00,CMP-S02-L01-01,S02,S02-L01,1,running,148.9246,358.8918,100.7669,37.4611,-0.3082,A,relation-reasoning-agent-eval-v3.1
2026-08-25T04:50:00+09:00,CMP-S02-L02-01,S02,S02-L02,1,running,146.6725,513.5656,113.5134,44.8551,0.8727,A,relation-reasoning-agent-eval-v3.1
2026-08-25T04:50:00+09:00,CMP-S02-L03-01,S02,S02-L03,1,running,164.9324,432.0926,97.5938,39.6033,-0.3778,A,relation-reasoning-agent-eval-v3.1
2026-08-25T04:50:00+09:00,CMP-S02-L04-01,S02,S02-L04,1,running,186.1593,453.2758,106.1566,34.5662,-1.3635,B,relation-reasoning-agent-eval-v3.1
2026-08-25T04:50:00+09:00,CMP-S02-L05-01,S02,S02-L05,1,running,141.1904,492.6546,93.6849,42.9736,0.4886,A,relation-reasoning-agent-eval-v3.1
2026-08-25T05:00:00+09:00,CMP-S02-L01-01,S02,S02-L01,1,running,144.1291,374.1098,102.9578,38.9236,-0.0374,A,relation-reasoning-agent-eval-v3.1
2026-08-25T05:00:00+09:00,CMP-S02-L02-01,S02,S02-L02,1,running,157.1672,518.1184,118.4875,51.4861,2.1006,C,relation-reasoning-agent-eval-v3.1
2026-08-25T05:00:00+09:00,CMP-S02-L03-01,S02,S02-L03,1,running,161.7906,395.1,96.9275,39.5998,-0.3784,A,relation-reasoning-agent-eval-v3.1
2026-08-25T05:00:00+09:00,CMP-S02-L04-01,S02,S02-L04,1,running,190.0416,485.0527,109.8727,37.7734,-0.7696,A,relation-reasoning-agent-eval-v3.1
2026-08-25T05:00:00+09:00,CMP-S02-L05-01,S02,S02-L05,1,running,148.263,510.6993,97.099,46.0295,1.0545,B,relation-reasoning-agent-eval-v3.1
2026-08-25T05:10:00+09:00,CMP-S02-L01-01,S02,S02-L01,1,running,141.2663,385.8422,100.8114,37.3976,-0.32,A,relation-reasoning-agent-eval-v3.1
2026-08-25T05:10:00+09:00,CMP-S02-L02-01,S02,S02-L02,1,running,153.5511,483.7649,115.6143,46.7321,1.2203,B,relation-reasoning-agent-eval-v3.1
2026-08-25T05:10:00+09:00,CMP-S02-L03-01,S02,S02-L03,1,running,154.9307,439.3397,99.3193,46.2895,0.8604,A,relation-reasoning-agent-eval-v3.1
2026-08-25T05:10:00+09:00,CMP-S02-L04-01,S02,S02-L04,1,running,182.1347,448.1827,101.7408,37.5296,-0.8147,A,relation-reasoning-agent-eval-v3.1
2026-08-25T05:10:00+09:00,CMP-S02-L05-01,S02,S02-L05,1,running,141.8706,501.8053,94.2351,40.4447,0.0203,A,relation-reasoning-agent-eval-v3.1
2026-08-25T05:20:00+09:00,CMP-S02-L01-01,S02,S02-L01,1,running,151.0129,341.5326,109.1682,42.5652,0.637,A,relation-reasoning-agent-eval-v3.1
2026-08-25T05:20:00+09:00,CMP-S02-L02-01,S02,S02-L02,1,running,151.801,488.7778,108.5713,41.808,0.3084,A,relation-reasoning-agent-eval-v3.1
2026-08-25T05:20:00+09:00,CMP-S02-L03-01,S02,S02-L03,1,running,171.5587,430.2525,97.6302,41.765,0.0226,A,relation-reasoning-agent-eval-v3.1
2026-08-25T05:20:00+09:00,CMP-S02-L04-01,S02,S02-L04,1,running,178.8245,426.464,98.4721,38.1994,-0.6907,A,relation-reasoning-agent-eval-v3.1
2026-08-25T05:20:00+09:00,CMP-S02-L05-01,S02,S02-L05,1,running,143.7331,492.6909,98.3064,42.7353,0.4445,A,relation-reasoning-agent-eval-v3.1
2026-08-25T05:30:00+09:00,CMP-S02-L01-01,S02,S02-L01,1,running,167.6353,360.3771,110.0821,40.8745,0.3239,A,relation-reasoning-agent-eval-v3.1
2026-08-25T05:30:00+09:00,CMP-S02-L02-01,S02,S02-L02,1,running,153.8303,509.3949,105.3308,38.3563,-0.3308,A,relation-reasoning-agent-eval-v3.1
2026-08-25T05:30:00+09:00,CMP-S02-L03-01,S02,S02-L03,1,running,146.3273,409.0853,93.3603,42.9612,0.2441,A,relation-reasoning-agent-eval-v3.1
2026-08-25T05:30:00+09:00,CMP-S02-L04-01,S02,S02-L04,1,running,180.5139,449.6711,104.4767,40.3578,-0.291,A,relation-reasoning-agent-eval-v3.1
2026-08-25T05:30:00+09:00,CMP-S02-L05-01,S02,S02-L05,1,running,132.7781,479.9277,105.2036,46.2542,1.0961,B,relation-reasoning-agent-eval-v3.1
2026-08-25T05:40:00+09:00,CMP-S02-L01-01,S02,S02-L01,1,running,166.3665,390.2142,104.031,44.6321,1.0197,B,relation-reasoning-agent-eval-v3.1
2026-08-25T05:40:00+09:00,CMP-S02-L02-01,S02,S02-L02,1,running,157.9131,524.1575,110.0195,36.658,-0.6453,A,relation-reasoning-agent-eval-v3.1
2026-08-25T05:40:00+09:00,CMP-S02-L03-01,S02,S02-L03,1,running,150.0751,454.742,91.9614,42.2726,0.1166,A,relation-reasoning-agent-eval-v3.1
2026-08-25T05:40:00+09:00,CMP-S02-L04-01,S02,S02-L04,1,running,187.1347,445.5241,106.3247,40.8487,-0.2001,A,relation-reasoning-agent-eval-v3.1
2026-08-25T05:40:00+09:00,CMP-S02-L05-01,S02,S02-L05,1,running,151.3436,483.8833,111.6401,38.9844,-0.2501,A,relation-reasoning-agent-eval-v3.1
2026-08-25T05:50:00+09:00,CMP-S02-L01-01,S02,S02-L01,1,running,174.7111,398.3471,98.3804,39.5323,0.0753,A,relation-reasoning-agent-eval-v3.1
2026-08-25T05:50:00+09:00,CMP-S02-L02-01,S02,S02-L02,1,running,152.2286,537.5336,113.0491,46.3812,1.1553,B,relation-reasoning-agent-eval-v3.1
2026-08-25T05:50:00+09:00,CMP-S02-L03-01,S02,S02-L03,1,running,173.0854,416.544,89.119,42.021,0.07,A,relation-reasoning-agent-eval-v3.1
2026-08-25T05:50:00+09:00,CMP-S02-L04-01,S02,S02-L04,1,running,198.0578,443.7177,105.0107,38.3254,-0.6674,A,relation-reasoning-agent-eval-v3.1
2026-08-25T05:50:00+09:00,CMP-S02-L05-01,S02,S02-L05,1,running,136.5877,504.705,110.1212,49.9869,1.7874,B,relation-reasoning-agent-eval-v3.1
2026-08-25T06:00:00+09:00,CMP-S02-L01-01,S02,S02-L01,1,running,173.0709,437.5678,96.1213,46.3671,1.341,B,relation-reasoning-agent-eval-v3.1
2026-08-25T06:00:00+09:00,CMP-S02-L02-01,S02,S02-L02,1,running,143.18,456.0634,108.4842,45.8983,1.0659,B,relation-reasoning-agent-eval-v3.1
2026-08-25T06:00:00+09:00,CMP-S02-L03-01,S02,S02-L03,1,running,176.8779,417.3544,98.1668,46.6933,0.9352,A,relation-reasoning-agent-eval-v3.1
2026-08-25T06:00:00+09:00,CMP-S02-L04-01,S02,S02-L04,1,running,186.1277,415.7741,110.814,33.618,-1.5391,B,relation-reasoning-agent-eval-v3.1
2026-08-25T06:00:00+09:00,CMP-S02-L05-01,S02,S02-L05,1,running,152.9556,477.8835,109.9462,45.3777,0.9338,A,relation-reasoning-agent-eval-v3.1
2026-08-25T06:10:00+09:00,CMP-S02-L01-01,S02,S02-L01,1,running,182.1646,462.6828,99.5471,38.6375,-0.0904,A,relation-reasoning-agent-eval-v3.1
2026-08-25T06:10:00+09:00,CMP-S02-L02-01,S02,S02-L02,1,running,171.1816,431.9517,119.7904,41.6427,0.2778,A,relation-reasoning-agent-eval-v3.1
2026-08-25T06:10:00+09:00,CMP-S02-L03-01,S02,S02-L03,1,running,188.6611,420.3925,105.8678,45.9504,0.7976,A,relation-reasoning-agent-eval-v3.1
2026-08-25T06:10:00+09:00,CMP-S02-L04-01,S02,S02-L04,1,running,189.4737,452.1212,110.0275,46.0698,0.7668,A,relation-reasoning-agent-eval-v3.1
2026-08-25T06:10:00+09:00,CMP-S02-L05-01,S02,S02-L05,1,running,144.8341,483.3204,105.61,40.2635,-0.0132,A,relation-reasoning-agent-eval-v3.1
2026-08-25T06:20:00+09:00,CMP-S02-L01-01,S02,S02-L01,1,running,204.3188,483.4042,97.8474,37.8228,-0.2413,A,relation-reasoning-agent-eval-v3.1
2026-08-25T06:20:00+09:00,CMP-S02-L02-01,S02,S02-L02,1,running,176.4569,451.2589,117.4494,36.3385,-0.7045,A,relation-reasoning-agent-eval-v3.1
2026-08-25T06:20:00+09:00,CMP-S02-L03-01,S02,S02-L03,1,running,194.2357,478.1577,103.0569,46.863,0.9667,A,relation-reasoning-agent-eval-v3.1
2026-08-25T06:20:00+09:00,CMP-S02-L04-01,S02,S02-L04,1,running,175.0645,442.6098,107.6366,45.3125,0.6266,A,relation-reasoning-agent-eval-v3.1
2026-08-25T06:20:00+09:00,CMP-S02-L05-01,S02,S02-L05,1,running,148.4684,543.6091,106.1541,39.5929,-0.1374,A,relation-reasoning-agent-eval-v3.1
2026-08-25T06:30:00+09:00,CMP-S02-L01-01,S02,S02-L01,1,running,203.9161,471.4369,92.5141,38.3881,-0.1366,A,relation-reasoning-agent-eval-v3.1
2026-08-25T06:30:00+09:00,CMP-S02-L02-01,S02,S02-L02,1,running,161.0844,441.2164,110.2961,30.6854,-1.7514,B,relation-reasoning-agent-eval-v3.1
2026-08-25T06:30:00+09:00,CMP-S02-L03-01,S02,S02-L03,1,running,194.9037,531.8934,92.9808,45.2915,0.6756,A,relation-reasoning-agent-eval-v3.1
2026-08-25T06:30:00+09:00,CMP-S02-L04-01,S02,S02-L04,1,running,163.9823,429.0069,108.658,49.0865,1.3254,B,relation-reasoning-agent-eval-v3.1
2026-08-25T06:30:00+09:00,CMP-S02-L05-01,S02,S02-L05,1,running,138.3118,544.5876,101.1787,36.4017,-0.7284,A,relation-reasoning-agent-eval-v3.1
2026-08-25T06:40:00+09:00,CMP-S02-L01-01,S02,S02-L01,1,running,193.9089,520.8983,98.8392,40.6467,0.2817,A,relation-reasoning-agent-eval-v3.1
2026-08-25T06:40:00+09:00,CMP-S02-L02-01,S02,S02-L02,1,running,174.0392,409.3246,108.2901,34.2791,-1.0859,B,relation-reasoning-agent-eval-v3.1
2026-08-25T06:40:00+09:00,CMP-S02-L03-01,S02,S02-L03,1,running,201.1238,505.5173,91.6862,45.7408,0.7588,A,relation-reasoning-agent-eval-v3.1
2026-08-25T06:40:00+09:00,CMP-S02-L04-01,S02,S02-L04,1,running,158.8195,533.7021,101.8342,45.8848,0.7325,A,relation-reasoning-agent-eval-v3.1
2026-08-25T06:40:00+09:00,CMP-S02-L05-01,S02,S02-L05,1,running,152.6176,528.6158,103.5762,40.8803,0.101,A,relation-reasoning-agent-eval-v3.1
2026-08-25T06:50:00+09:00,CMP-S02-L01-01,S02,S02-L01,1,running,183.7855,489.7515,102.2547,42.3553,0.5981,A,relation-reasoning-agent-eval-v3.1
2026-08-25T06:50:00+09:00,CMP-S02-L02-01,S02,S02-L02,1,running,178.9517,472.5716,100.824,36.0725,-0.7537,A,relation-reasoning-agent-eval-v3.1
2026-08-25T06:50:00+09:00,CMP-S02-L03-01,S02,S02-L03,1,running,188.034,453.6898,94.0599,43.9966,0.4359,A,relation-reasoning-agent-eval-v3.1
2026-08-25T06:50:00+09:00,CMP-S02-L04-01,S02,S02-L04,1,running,160.5442,530.4382,100.4075,40.1723,-0.3253,A,relation-reasoning-agent-eval-v3.1
2026-08-25T06:50:00+09:00,CMP-S02-L05-01,S02,S02-L05,1,running,150.7949,486.3611,107.16,36.9613,-0.6248,A,relation-reasoning-agent-eval-v3.1
2026-08-25T07:00:00+09:00,CMP-S02-L01-01,S02,S02-L01,1,running,187.2151,495.052,102.0318,42.7807,0.6769,A,relation-reasoning-agent-eval-v3.1
2026-08-25T07:00:00+09:00,CMP-S02-L02-01,S02,S02-L02,1,running,176.6296,395.3147,105.4583,33.3733,-1.2536,B,relation-reasoning-agent-eval-v3.1
2026-08-25T07:00:00+09:00,CMP-S02-L03-01,S02,S02-L03,1,running,184.6954,467.976,100.7173,44.5335,0.5353,A,relation-reasoning-agent-eval-v3.1
2026-08-25T07:00:00+09:00,CMP-S02-L04-01,S02,S02-L04,1,running,163.1528,544.9263,102.9612,43.667,0.3218,A,relation-reasoning-agent-eval-v3.1
2026-08-25T07:00:00+09:00,CMP-S02-L05-01,S02,S02-L05,1,running,136.1714,477.7062,101.4283,33.6864,-1.2312,B,relation-reasoning-agent-eval-v3.1
2026-08-25T07:10:00+09:00,CMP-S02-L01-01,S02,S02-L01,1,running,191.7607,496.1939,99.5954,42.6434,0.6514,A,relation-reasoning-agent-eval-v3.1
2026-08-25T07:10:00+09:00,CMP-S02-L02-01,S02,S02-L02,1,running,165.684,424.4513,104.1277,28.8855,-2.0847,C,relation-reasoning-agent-eval-v3.1
2026-08-25T07:10:00+09:00,CMP-S02-L03-01,S02,S02-L03,1,running,175.2826,500.1353,91.1728,40.4471,-0.2215,A,relation-reasoning-agent-eval-v3.1
2026-08-25T07:10:00+09:00,CMP-S02-L04-01,S02,S02-L04,1,running,143.051,543.2495,105.0747,35.32,-1.2239,B,relation-reasoning-agent-eval-v3.1
2026-08-25T07:10:00+09:00,CMP-S02-L05-01,S02,S02-L05,1,running,136.5489,468.6063,103.7601,28.197,-2.2478,C,relation-reasoning-agent-eval-v3.1
2026-08-25T07:20:00+09:00,CMP-S02-L01-01,S02,S02-L01,1,running,192.9812,527.7632,107.5162,44.8511,1.0603,B,relation-reasoning-agent-eval-v3.1
2026-08-25T07:20:00+09:00,CMP-S02-L02-01,S02,S02-L02,1,running,158.5774,412.2789,99.1264,33.81,-1.1727,B,relation-reasoning-agent-eval-v3.1
2026-08-25T07:20:00+09:00,CMP-S02-L03-01,S02,S02-L03,1,running,166.179,463.8693,84.0663,41.5471,-0.0178,A,relation-reasoning-agent-eval-v3.1
2026-08-25T07:20:00+09:00,CMP-S02-L04-01,S02,S02-L04,1,running,163.3666,490.1677,105.1339,37.0492,-0.9037,A,relation-reasoning-agent-eval-v3.1
2026-08-25T07:20:00+09:00,CMP-S02-L05-01,S02,S02-L05,1,running,134.0606,504.8037,102.4078,21.5307,-3.4823,D,relation-reasoning-agent-eval-v3.1
2026-08-25T07:30:00+09:00,CMP-S02-L01-01,S02,S02-L01,1,running,206.7066,524.3786,103.3845,51.5891,2.308,C,relation-reasoning-agent-eval-v3.1
2026-08-25T07:30:00+09:00,CMP-S02-L02-01,S02,S02-L02,1,running,165.2207,348.384,94.8678,37.3209,-0.5225,A,relation-reasoning-agent-eval-v3.1
2026-08-25T07:30:00+09:00,CMP-S02-L03-01,S02,S02-L03,1,running,162.6563,480.5649,90.9908,37.2606,-0.8116,A,relation-reasoning-agent-eval-v3.1
2026-08-25T07:30:00+09:00,CMP-S02-L04-01,S02,S02-L04,1,running,190.9321,495.0658,98.4477,42.0696,0.026,A,relation-reasoning-agent-eval-v3.1
2026-08-25T07:30:00+09:00,CMP-S02-L05-01,S02,S02-L05,1,running,149.0185,504.2676,102.2837,25.0716,-2.8266,C,relation-reasoning-agent-eval-v3.1
2026-08-25T07:40:00+09:00,CMP-S02-L01-01,S02,S02-L01,1,running,207.5117,506.3362,98.4254,42.8553,0.6907,A,relation-reasoning-agent-eval-v3.1
2026-08-25T07:40:00+09:00,CMP-S02-L02-01,S02,S02-L02,1,running,171.9766,413.9972,102.0745,40.0645,-0.0145,A,relation-reasoning-agent-eval-v3.1
2026-08-25T07:40:00+09:00,CMP-S02-L03-01,S02,S02-L03,1,running,174.789,495.4778,91.5043,43.9774,0.4322,A,relation-reasoning-agent-eval-v3.1
2026-08-25T07:40:00+09:00,CMP-S02-L04-01,S02,S02-L04,1,running,162.1186,525.7115,98.8794,44.3754,0.453,A,relation-reasoning-agent-eval-v3.1
2026-08-25T07:40:00+09:00,CMP-S02-L05-01,S02,S02-L05,1,running,153.5278,482.354,96.791,32.0238,-1.5391,B,relation-reasoning-agent-eval-v3.1
2026-08-25T07:50:00+09:00,CMP-S02-L01-01,S02,S02-L01,1,running,202.7696,536.775,99.4151,42.9937,0.7163,A,relation-reasoning-agent-eval-v3.1
2026-08-25T07:50:00+09:00,CMP-S02-L02-01,S02,S02-L02,1,running,178.6335,414.0686,105.7444,39.8333,-0.0573,A,relation-reasoning-agent-eval-v3.1
2026-08-25T07:50:00+09:00,CMP-S02-L03-01,S02,S02-L03,1,running,168.2826,496.9689,90.4681,46.3321,0.8683,A,relation-reasoning-agent-eval-v3.1
2026-08-25T07:50:00+09:00,CMP-S02-L04-01,S02,S02-L04,1,running,161.2994,510.0389,100.4457,42.6583,0.135,A,relation-reasoning-agent-eval-v3.1
2026-08-25T07:50:00+09:00,CMP-S02-L05-01,S02,S02-L05,1,running,156.6566,515.2332,100.3124,31.7901,-1.5824,B,relation-reasoning-agent-eval-v3.1
2026-08-25T08:00:00+09:00,CMP-S02-L01-01,S02,S02-L01,1,running,189.2326,531.1987,91.6102,43.9034,0.8848,A,relation-reasoning-agent-eval-v3.1
2026-08-25T08:00:00+09:00,CMP-S02-L02-01,S02,S02-L02,1,running,199.4864,437.5556,105.7342,38.756,-0.2568,A,relation-reasoning-agent-eval-v3.1
2026-08-25T08:00:00+09:00,CMP-S02-L03-01,S02,S02-L03,1,running,164.1879,455.8177,95.3828,43.9,0.418,A,relation-reasoning-agent-eval-v3.1
2026-08-25T08:00:00+09:00,CMP-S02-L04-01,S02,S02-L04,1,running,166.7694,524.5932,102.5808,45.4729,0.6563,A,relation-reasoning-agent-eval-v3.1
2026-08-25T08:00:00+09:00,CMP-S02-L05-01,S02,S02-L05,1,running,143.8492,497.2582,99.9409,33.3883,-1.2864,B,relation-reasoning-agent-eval-v3.1
2026-08-25T08:10:00+09:00,CMP-S02-L01-01,S02,S02-L01,1,running,185.965,509.0506,100.4044,39.0947,-0.0057,A,relation-reasoning-agent-eval-v3.1
2026-08-25T08:10:00+09:00,CMP-S02-L02-01,S02,S02-L02,1,running,177.7704,406.1104,107.4804,39.5846,-0.1033,A,relation-reasoning-agent-eval-v3.1
2026-08-25T08:10:00+09:00,CMP-S02-L03-01,S02,S02-L03,1,running,174.1894,456.1674,91.2369,45.5384,0.7213,A,relation-reasoning-agent-eval-v3.1
2026-08-25T08:10:00+09:00,CMP-S02-L04-01,S02,S02-L04,1,running,176.149,504.4742,98.7853,48.9026,1.2914,B,relation-reasoning-agent-eval-v3.1
2026-08-25T08:10:00+09:00,CMP-S02-L05-01,S02,S02-L05,1,running,151.1999,465.8609,100.9392,33.4398,-1.2769,B,relation-reasoning-agent-eval-v3.1
2026-08-25T08:20:00+09:00,CMP-S02-L01-01,S02,S02-L01,1,running,193.1534,515.4464,104.8226,38.5466,-0.1072,A,relation-reasoning-agent-eval-v3.1
2026-08-25T08:20:00+09:00,CMP-S02-L02-01,S02,S02-L02,1,running,184.2209,410.7591,109.2711,39.1662,-0.1808,A,relation-reasoning-agent-eval-v3.1
2026-08-25T08:20:00+09:00,CMP-S02-L03-01,S02,S02-L03,1,running,176.8617,485.5891,90.6575,46.9981,0.9916,A,relation-reasoning-agent-eval-v3.1
2026-08-25T08:20:00+09:00,CMP-S02-L04-01,S02,S02-L04,1,running,166.567,444.7639,94.7385,46.872,0.9153,A,relation-reasoning-agent-eval-v3.1
2026-08-25T08:20:00+09:00,CMP-S02-L05-01,S02,S02-L05,1,running,173.8376,443.0477,104.8666,37.3543,-0.552,A,relation-reasoning-agent-eval-v3.1
2026-08-25T08:30:00+09:00,CMP-S02-L01-01,S02,S02-L01,1,running,177.8618,532.7863,99.6075,34.1052,-0.9297,A,relation-reasoning-agent-eval-v3.1
2026-08-25T08:30:00+09:00,CMP-S02-L02-01,S02,S02-L02,1,running,168.6836,401.1419,102.2803,37.4245,-0.5034,A,relation-reasoning-agent-eval-v3.1
2026-08-25T08:30:00+09:00,CMP-S02-L03-01,S02,S02-L03,1,running,181.0338,420.5814,91.5092,46.3688,0.8751,A,relation-reasoning-agent-eval-v3.1
2026-08-25T08:30:00+09:00,CMP-S02-L04-01,S02,S02-L04,1,running,176.1661,466.6109,106.2104,44.5615,0.4875,A,relation-reasoning-agent-eval-v3.1
2026-08-25T08:30:00+09:00,CMP-S02-L05-01,S02,S02-L05,1,running,174.3402,399.6812,107.2695,41.9467,0.2985,A,relation-reasoning-agent-eval-v3.1
2026-08-25T08:40:00+09:00,CMP-S02-L01-01,S02,S02-L01,1,running,178.4417,507.1824,104.7263,28.1687,-2.0291,C,relation-reasoning-agent-eval-v3.1
2026-08-25T08:40:00+09:00,CMP-S02-L02-01,S02,S02-L02,1,running,173.1316,416.6843,99.7879,34.0688,-1.1248,B,relation-reasoning-agent-eval-v3.1
2026-08-25T08:40:00+09:00,CMP-S02-L03-01,S02,S02-L03,1,running,178.5536,451.5703,89.118,62.1319,3.7942,D,relation-reasoning-agent-eval-v3.1
2026-08-25T08:40:00+09:00,CMP-S02-L04-01,S02,S02-L04,1,running,185.139,468.1942,100.2264,40.9756,-0.1766,A,relation-reasoning-agent-eval-v3.1
2026-08-25T08:40:00+09:00,CMP-S02-L05-01,S02,S02-L05,1,running,169.3043,389.2992,112.52,37.9786,-0.4364,A,relation-reasoning-agent-eval-v3.1
2026-08-25T08:50:00+09:00,CMP-S02-L01-01,S02,S02-L01,1,running,195.2149,478.3637,98.0706,32.4096,-1.2437,B,relation-reasoning-agent-eval-v3.1
2026-08-25T08:50:00+09:00,CMP-S02-L02-01,S02,S02-L02,1,running,166.4427,409.2045,103.2049,35.3292,-0.8914,A,relation-reasoning-agent-eval-v3.1
2026-08-25T08:50:00+09:00,CMP-S02-L03-01,S02,S02-L03,1,running,178.0427,451.7311,91.0483,51.7427,1.8703,B,relation-reasoning-agent-eval-v3.1
2026-08-25T08:50:00+09:00,CMP-S02-L04-01,S02,S02-L04,1,running,177.8238,429.8366,99.9833,42.5811,0.1207,A,relation-reasoning-agent-eval-v3.1
2026-08-25T08:50:00+09:00,CMP-S02-L05-01,S02,S02-L05,1,running,173.6958,472.762,106.4245,42.8904,0.4732,A,relation-reasoning-agent-eval-v3.1
2026-08-25T09:00:00+09:00,CMP-S02-L01-01,S02,S02-L01,1,running,191.578,518.4087,98.1499,30.7875,-1.5441,B,relation-reasoning-agent-eval-v3.1
2026-08-25T09:00:00+09:00,CMP-S02-L02-01,S02,S02-L02,1,running,174.0215,414.8962,108.4432,34.7953,-0.9903,A,relation-reasoning-agent-eval-v3.1
2026-08-25T09:00:00+09:00,CMP-S02-L03-01,S02,S02-L03,1,running,186.2208,463.8327,86.9009,49.8414,1.5182,B,relation-reasoning-agent-eval-v3.1
2026-08-25T09:00:00+09:00,CMP-S02-L04-01,S02,S02-L04,1,running,178.4151,414.7312,107.0464,41.9464,0.0032,A,relation-reasoning-agent-eval-v3.1
2026-08-25T09:00:00+09:00,CMP-S02-L05-01,S02,S02-L05,1,running,168.7951,456.7206,101.2213,41.6833,0.2497,A,relation-reasoning-agent-eval-v3.1
2026-08-25T09:10:00+09:00,CMP-S02-L01-01,S02,S02-L01,1,running,179.6172,471.9546,105.2629,33.5574,-1.0312,B,relation-reasoning-agent-eval-v3.1
2026-08-25T09:10:00+09:00,CMP-S02-L02-01,S02,S02-L02,1,running,163.4426,373.2003,111.4172,39.5858,-0.1031,A,relation-reasoning-agent-eval-v3.1
2026-08-25T09:10:00+09:00,CMP-S02-L03-01,S02,S02-L03,1,running,189.1114,445.0855,84.2236,47.5259,1.0894,B,relation-reasoning-agent-eval-v3.1
2026-08-25T09:10:00+09:00,CMP-S02-L04-01,S02,S02-L04,1,running,179.523,407.7473,105.8422,39.3912,-0.47,A,relation-reasoning-agent-eval-v3.1
2026-08-25T09:10:00+09:00,CMP-S02-L05-01,S02,S02-L05,1,running,159.6504,442.2056,100.9584,41.2291,0.1656,A,relation-reasoning-agent-eval-v3.1
2026-08-25T09:20:00+09:00,CMP-S02-L01-01,S02,S02-L01,1,running,166.4355,431.1838,105.378,34.2844,-0.8965,A,relation-reasoning-agent-eval-v3.1
2026-08-25T09:20:00+09:00,CMP-S02-L02-01,S02,S02-L02,1,running,158.4374,386.4827,103.3582,40.5973,0.0842,A,relation-reasoning-agent-eval-v3.1
2026-08-25T09:20:00+09:00,CMP-S02-L03-01,S02,S02-L03,1,running,194.0598,458.3868,82.0785,50.6827,1.6739,B,relation-reasoning-agent-eval-v3.1
2026-08-25T09:20:00+09:00,CMP-S02-L04-01,S02,S02-L04,1,running,172.3294,472.8157,111.6459,34.7934,-1.3214,B,relation-reasoning-agent-eval-v3.1
2026-08-25T09:20:00+09:00,CMP-S02-L05-01,S02,S02-L05,1,running,168.8958,433.6176,101.4136,43.06,0.5046,A,relation-reasoning-agent-eval-v3.1
2026-08-25T09:30:00+09:00,CMP-S02-L01-01,S02,S02-L01,1,running,164.8249,463.2613,103.798,38.612,-0.0951,A,relation-reasoning-agent-eval-v3.1
2026-08-25T09:30:00+09:00,CMP-S02-L02-01,S02,S02-L02,1,running,154.733,374.2531,100.2468,41.8052,0.3079,A,relation-reasoning-agent-eval-v3.1
2026-08-25T09:30:00+09:00,CMP-S02-L03-01,S02,S02-L03,1,running,197.1029,459.2309,86.1589,43.5836,0.3593,A,relation-reasoning-agent-eval-v3.1
2026-08-25T09:30:00+09:00,CMP-S02-L04-01,S02,S02-L04,1,running,180.0722,475.6177,106.7786,33.0233,-1.6492,B,relation-reasoning-agent-eval-v3.1
2026-08-25T09:30:00+09:00,CMP-S02-L05-01,S02,S02-L05,1,running,163.2907,424.5182,107.1793,41.9172,0.293,A,relation-reasoning-agent-eval-v3.1
2026-08-25T09:40:00+09:00,CMP-S02-L01-01,S02,S02-L01,1,running,171.9723,492.5553,98.1989,39.3108,0.0343,A,relation-reasoning-agent-eval-v3.1
2026-08-25T09:40:00+09:00,CMP-S02-L02-01,S02,S02-L02,1,running,157.9164,369.1927,104.0458,42.9447,0.5189,A,relation-reasoning-agent-eval-v3.1
2026-08-25T09:40:00+09:00,CMP-S02-L03-01,S02,S02-L03,1,running,190.9492,453.2425,86.178,39.3578,-0.4233,A,relation-reasoning-agent-eval-v3.1
2026-08-25T09:40:00+09:00,CMP-S02-L04-01,S02,S02-L04,1,running,174.3356,464.1905,102.3572,28.2207,-2.5386,C,relation-reasoning-agent-eval-v3.1
2026-08-25T09:40:00+09:00,CMP-S02-L05-01,S02,S02-L05,1,running,155.6726,403.0776,105.2364,38.2155,-0.3925,A,relation-reasoning-agent-eval-v3.1
2026-08-25T09:50:00+09:00,CMP-S02-L01-01,S02,S02-L01,1,running,168.3761,463.3869,110.8287,42.8251,0.6851,A,relation-reasoning-agent-eval-v3.1
2026-08-25T09:50:00+09:00,CMP-S02-L02-01,S02,S02-L02,1,running,157.2906,400.4709,96.486,39.4024,-0.1371,A,relation-reasoning-agent-eval-v3.1
2026-08-25T09:50:00+09:00,CMP-S02-L03-01,S02,S02-L03,1,running,206.8427,461.4055,91.9967,42.831,0.22,A,relation-reasoning-agent-eval-v3.1
2026-08-25T09:50:00+09:00,CMP-S02-L04-01,S02,S02-L04,1,running,175.4775,467.4027,101.1655,37.3305,-0.8516,A,relation-reasoning-agent-eval-v3.1
2026-08-25T09:50:00+09:00,CMP-S02-L05-01,S02,S02-L05,1,running,163.6543,391.0714,106.912,42.7692,0.4508,A,relation-reasoning-agent-eval-v3.1
2026-08-25T10:00:00+09:00,CMP-S02-L01-01,S02,S02-L01,1,running,180.5007,453.8311,113.8489,44.168,0.9338,A,relation-reasoning-agent-eval-v3.1
2026-08-25T10:00:00+09:00,CMP-S02-L02-01,S02,S02-L02,1,running,147.9367,416.5951,95.9146,31.5704,-1.5875,B,relation-reasoning-agent-eval-v3.1
2026-08-25T10:00:00+09:00,CMP-S02-L03-01,S02,S02-L03,1,running,209.192,494.0651,82.0393,43.7103,0.3828,A,relation-reasoning-agent-eval-v3.1
2026-08-25T10:00:00+09:00,CMP-S02-L04-01,S02,S02-L04,1,running,167.8957,476.6077,104.0602,35.6119,-1.1699,B,relation-reasoning-agent-eval-v3.1
2026-08-25T10:00:00+09:00,CMP-S02-L05-01,S02,S02-L05,1,running,174.1614,383.1751,111.4037,44.6361,0.7965,A,relation-reasoning-agent-eval-v3.1
2026-08-25T10:10:00+09:00,CMP-S02-L01-01,S02,S02-L01,1,running,181.9232,402.5005,105.8005,30.9331,-1.5171,B,relation-reasoning-agent-eval-v3.1
2026-08-25T10:10:00+09:00,CMP-S02-L02-01,S02,S02-L02,1,running,131.2733,386.2165,102.7659,29.7953,-1.9162,B,relation-reasoning-agent-eval-v3.1
2026-08-25T10:10:00+09:00,CMP-S02-L03-01,S02,S02-L03,1,running,211.3406,429.2367,82.7465,41.5488,-0.0175,A,relation-reasoning-agent-eval-v3.1
2026-08-25T10:10:00+09:00,CMP-S02-L04-01,S02,S02-L04,1,running,178.5704,500.5199,107.437,38.9357,-0.5543,A,relation-reasoning-agent-eval-v3.1
2026-08-25T10:10:00+09:00,CMP-S02-L05-01,S02,S02-L05,1,running,180.283,374.7837,101.4359,43.3807,0.564,A,relation-reasoning-agent-eval-v3.1
2026-08-25T10:20:00+09:00,CMP-S02-L01-01,S02,S02-L01,1,running,181.9484,442.4686,101.3802,30.1796,-1.6567,B,relation-reasoning-agent-eval-v3.1
2026-08-25T10:20:00+09:00,CMP-S02-L02-01,S02,S02-L02,1,running,142.6293,414.2458,108.4045,30.0421,-1.8705,B,relation-reasoning-agent-eval-v3.1
2026-08-25T10:20:00+09:00,CMP-S02-L03-01,S02,S02-L03,1,running,205.1805,447.7416,88.5032,42.8009,0.2144,A,relation-reasoning-agent-eval-v3.1
2026-08-25T10:20:00+09:00,CMP-S02-L04-01,S02,S02-L04,1,running,194.1135,468.9487,109.6982,37.4569,-0.8282,A,relation-reasoning-agent-eval-v3.1
2026-08-25T10:20:00+09:00,CMP-S02-L05-01,S02,S02-L05,1,running,167.2835,418.078,97.9945,46.4562,1.1335,B,relation-reasoning-agent-eval-v3.1
2026-08-25T10:30:00+09:00,CMP-S02-L01-01,S02,S02-L01,1,running,169.7339,496.0935,104.758,37.2503,-0.3473,A,relation-reasoning-agent-eval-v3.1
2026-08-25T10:30:00+09:00,CMP-S02-L02-01,S02,S02-L02,1,running,156.1955,390.2384,101.0175,31.3428,-1.6296,B,relation-reasoning-agent-eval-v3.1
2026-08-25T10:30:00+09:00,CMP-S02-L03-01,S02,S02-L03,1,running,203.0622,459.5404,87.3398,38.058,-0.6639,A,relation-reasoning-agent-eval-v3.1
2026-08-25T10:30:00+09:00,CMP-S02-L04-01,S02,S02-L04,1,running,180.3258,445.8927,110.4454,35.7904,-1.1368,B,relation-reasoning-agent-eval-v3.1
2026-08-25T10:30:00+09:00,CMP-S02-L05-01,S02,S02-L05,1,running,163.0218,400.2767,90.1625,40.4276,0.0172,A,relation-reasoning-agent-eval-v3.1
2026-08-25T10:40:00+09:00,CMP-S02-L01-01,S02,S02-L01,1,running,161.7823,559.5538,105.648,36.9701,-0.3992,A,relation-reasoning-agent-eval-v3.1
2026-08-25T10:40:00+09:00,CMP-S02-L02-01,S02,S02-L02,1,running,160.6612,436.6786,98.4269,32.0826,-1.4926,B,relation-reasoning-agent-eval-v3.1
2026-08-25T10:40:00+09:00,CMP-S02-L03-01,S02,S02-L03,1,running,204.9511,422.0414,85.2876,36.1709,-1.0134,B,relation-reasoning-agent-eval-v3.1
2026-08-25T10:40:00+09:00,CMP-S02-L04-01,S02,S02-L04,1,running,166.5716,423.1561,108.8711,46.8413,0.9097,A,relation-reasoning-agent-eval-v3.1
2026-08-25T10:40:00+09:00,CMP-S02-L05-01,S02,S02-L05,1,running,159.6752,454.3916,93.0623,35.289,-0.9344,A,relation-reasoning-agent-eval-v3.1
2026-08-25T10:50:00+09:00,CMP-S02-L01-01,S02,S02-L01,1,running,154.1964,549.8143,104.3243,39.1684,0.0079,A,relation-reasoning-agent-eval-v3.1
2026-08-25T10:50:00+09:00,CMP-S02-L02-01,S02,S02-L02,1,running,159.1537,352.2083,101.8274,35.7326,-0.8167,A,relation-reasoning-agent-eval-v3.1
2026-08-25T10:50:00+09:00,CMP-S02-L03-01,S02,S02-L03,1,running,208.7579,454.6101,87.7674,39.4894,-0.3989,A,relation-reasoning-agent-eval-v3.1
2026-08-25T10:50:00+09:00,CMP-S02-L04-01,S02,S02-L04,1,running,171.9587,422.8301,108.143,40.5206,-0.2608,A,relation-reasoning-agent-eval-v3.1
2026-08-25T10:50:00+09:00,CMP-S02-L05-01,S02,S02-L05,1,running,152.5653,473.6603,96.7546,41.7626,0.2644,A,relation-reasoning-agent-eval-v3.1
2026-08-25T11:00:00+09:00,CMP-S02-L01-01,S02,S02-L01,1,running,148.2639,505.2312,101.3076,44.0422,0.9105,A,relation-reasoning-agent-eval-v3.1
2026-08-25T11:00:00+09:00,CMP-S02-L02-01,S02,S02-L02,1,running,154.8978,366.5676,100.6432,36.5793,-0.6599,A,relation-reasoning-agent-eval-v3.1
2026-08-25T11:00:00+09:00,CMP-S02-L03-01,S02,S02-L03,1,running,199.7041,368.3805,85.9647,41.6324,-0.002,A,relation-reasoning-agent-eval-v3.1
2026-08-25T11:00:00+09:00,CMP-S02-L04-01,S02,S02-L04,1,running,179.2012,466.4918,103.2521,40.6572,-0.2355,A,relation-reasoning-agent-eval-v3.1
2026-08-25T11:00:00+09:00,CMP-S02-L05-01,S02,S02-L05,1,running,148.9624,518.4312,96.9399,41.485,0.213,A,relation-reasoning-agent-eval-v3.1
2026-08-25T11:10:00+09:00,CMP-S02-L01-01,S02,S02-L01,1,running,149.7135,515.5279,106.286,46.1286,1.2969,B,relation-reasoning-agent-eval-v3.1
2026-08-25T11:10:00+09:00,CMP-S02-L02-01,S02,S02-L02,1,running,159.3409,374.5816,96.8454,41.026,0.1636,A,relation-reasoning-agent-eval-v3.1
2026-08-25T11:10:00+09:00,CMP-S02-L03-01,S02,S02-L03,1,running,192.6255,400.1272,86.4054,41.7035,0.0111,A,relation-reasoning-agent-eval-v3.1
2026-08-25T11:10:00+09:00,CMP-S02-L04-01,S02,S02-L04,1,running,170.5553,436.3222,106.3151,35.1518,-1.2551,B,relation-reasoning-agent-eval-v3.1
2026-08-25T11:10:00+09:00,CMP-S02-L05-01,S02,S02-L05,1,running,148.6448,495.0335,104.9314,46.7745,1.1925,B,relation-reasoning-agent-eval-v3.1
2026-08-25T11:20:00+09:00,CMP-S02-L01-01,S02,S02-L01,1,running,152.6689,480.3585,108.7401,42.7285,0.6672,A,relation-reasoning-agent-eval-v3.1
2026-08-25T11:20:00+09:00,CMP-S02-L02-01,S02,S02-L02,1,running,122.1074,413.8282,102.447,43.4722,0.6166,A,relation-reasoning-agent-eval-v3.1
2026-08-25T11:20:00+09:00,CMP-S02-L03-01,S02,S02-L03,1,running,204.827,360.683,84.4426,40.2879,-0.251,A,relation-reasoning-agent-eval-v3.1
2026-08-25T11:20:00+09:00,CMP-S02-L04-01,S02,S02-L04,1,running,174.8906,425.4568,107.1236,40.7924,-0.2105,A,relation-reasoning-agent-eval-v3.1
2026-08-25T11:20:00+09:00,CMP-S02-L05-01,S02,S02-L05,1,running,147.089,470.3481,105.9915,47.4472,1.3171,B,relation-reasoning-agent-eval-v3.1
2026-08-25T11:30:00+09:00,CMP-S02-L01-01,S02,S02-L01,1,running,156.2923,451.0588,109.6773,44.7629,1.0439,B,relation-reasoning-agent-eval-v3.1
2026-08-25T11:30:00+09:00,CMP-S02-L02-01,S02,S02-L02,1,running,128.6871,437.0426,92.1503,40.268,0.0232,A,relation-reasoning-agent-eval-v3.1
2026-08-25T11:30:00+09:00,CMP-S02-L03-01,S02,S02-L03,1,running,198.1129,430.3431,87.3216,41.1862,-0.0846,A,relation-reasoning-agent-eval-v3.1
2026-08-25T11:30:00+09:00,CMP-S02-L04-01,S02,S02-L04,1,running,173.8921,398.839,92.8129,42.9963,0.1976,A,relation-reasoning-agent-eval-v3.1
2026-08-25T11:30:00+09:00,CMP-S02-L05-01,S02,S02-L05,1,running,156.1087,430.8985,105.0091,45.9963,1.0484,B,relation-reasoning-agent-eval-v3.1
2026-08-25T11:40:00+09:00,CMP-S02-L01-01,S02,S02-L01,1,running,172.361,419.4896,104.2092,40.2199,0.2026,A,relation-reasoning-agent-eval-v3.1
2026-08-25T11:40:00+09:00,CMP-S02-L02-01,S02,S02-L02,1,running,133.1963,421.7862,99.2439,45.6859,1.0265,B,relation-reasoning-agent-eval-v3.1
2026-08-25T11:40:00+09:00,CMP-S02-L03-01,S02,S02-L03,1,running,188.1375,408.1189,85.0288,42.8688,0.227,A,relation-reasoning-agent-eval-v3.1
2026-08-25T11:40:00+09:00,CMP-S02-L04-01,S02,S02-L04,1,running,164.7358,394.3269,97.2564,42.9555,0.1901,A,relation-reasoning-agent-eval-v3.1
2026-08-25T11:40:00+09:00,CMP-S02-L05-01,S02,S02-L05,1,running,164.9189,423.6781,97.9084,46.6022,1.1606,B,relation-reasoning-agent-eval-v3.1
2026-08-25T11:50:00+09:00,CMP-S02-L01-01,S02,S02-L01,1,running,162.8559,436.2594,103.3688,41.1324,0.3716,A,relation-reasoning-agent-eval-v3.1
2026-08-25T11:50:00+09:00,CMP-S02-L02-01,S02,S02-L02,1,running,136.9406,451.1452,101.6383,43.3127,0.587,A,relation-reasoning-agent-eval-v3.1
2026-08-25T11:50:00+09:00,CMP-S02-L03-01,S02,S02-L03,1,running,179.1142,437.8263,83.0395,40.9793,-0.1229,A,relation-reasoning-agent-eval-v3.1
2026-08-25T11:50:00+09:00,CMP-S02-L04-01,S02,S02-L04,1,running,168.9244,407.7033,91.5209,43.7874,0.3441,A,relation-reasoning-agent-eval-v3.1
2026-08-25T11:50:00+09:00,CMP-S02-L05-01,S02,S02-L05,1,running,170.8596,405.8695,104.6362,35.9765,-0.8071,A,relation-reasoning-agent-eval-v3.1
2026-08-25T12:00:00+09:00,CMP-S02-L01-01,S02,S02-L01,1,running,165.4011,447.4315,94.9,44.9179,1.0726,B,relation-reasoning-agent-eval-v3.1
2026-08-25T12:00:00+09:00,CMP-S02-L02-01,S02,S02-L02,1,running,139.0458,437.6139,102.8978,41.5297,0.2569,A,relation-reasoning-agent-eval-v3.1
2026-08-25T12:00:00+09:00,CMP-S02-L03-01,S02,S02-L03,1,running,178.6412,440.3222,91.0443,50.7196,1.6808,B,relation-reasoning-agent-eval-v3.1
2026-08-25T12:00:00+09:00,CMP-S02-L04-01,S02,S02-L04,1,running,166.9417,446.7939,85.3783,37.1799,-0.8795,A,relation-reasoning-agent-eval-v3.1
2026-08-25T12:00:00+09:00,CMP-S02-L05-01,S02,S02-L05,1,running,174.9127,416.7742,105.7207,36.1517,-0.7747,A,relation-reasoning-agent-eval-v3.1
2026-08-25T12:10:00+09:00,CMP-S02-L01-01,S02,S02-L01,1,running,175.2066,471.6713,91.4515,46.4005,1.3472,B,relation-reasoning-agent-eval-v3.1
2026-08-25T12:10:00+09:00,CMP-S02-L02-01,S02,S02-L02,1,running,124.8889,456.1458,102.8902,41.8262,0.3118,A,relation-reasoning-agent-eval-v3.1
2026-08-25T12:10:00+09:00,CMP-S02-L03-01,S02,S02-L03,1,running,197.203,411.7811,82.3361,51.1507,1.7607,B,relation-reasoning-agent-eval-v3.1
2026-08-25T12:10:00+09:00,CMP-S02-L04-01,S02,S02-L04,1,running,164.3532,425.8466,90.6431,43.2608,0.2466,A,relation-reasoning-agent-eval-v3.1
2026-08-25T12:10:00+09:00,CMP-S02-L05-01,S02,S02-L05,1,running,168.4365,398.6031,107.7361,39.3502,-0.1824,A,relation-reasoning-agent-eval-v3.1
2026-08-25T12:20:00+09:00,CMP-S02-L01-01,S02,S02-L01,1,running,185.4131,498.4272,87.6714,50.1562,2.0427,C,relation-reasoning-agent-eval-v3.1
2026-08-25T12:20:00+09:00,CMP-S02-L02-01,S02,S02-L02,1,running,157.879,472.4429,107.7674,43.509,0.6234,A,relation-reasoning-agent-eval-v3.1
2026-08-25T12:20:00+09:00,CMP-S02-L03-01,S02,S02-L03,1,running,202.2104,435.5962,78.7322,45.9424,0.7962,A,relation-reasoning-agent-eval-v3.1
2026-08-25T12:20:00+09:00,CMP-S02-L04-01,S02,S02-L04,1,running,182.7236,410.048,92.1,51.2341,1.7231,B,relation-reasoning-agent-eval-v3.1
2026-08-25T12:20:00+09:00,CMP-S02-L05-01,S02,S02-L05,1,running,167.0028,389.3446,101.122,45.3294,0.9249,A,relation-reasoning-agent-eval-v3.1
2026-08-25T12:30:00+09:00,CMP-S02-L01-01,S02,S02-L01,1,running,190.5301,501.1603,88.5797,43.8154,0.8685,A,relation-reasoning-agent-eval-v3.1
2026-08-25T12:30:00+09:00,CMP-S02-L02-01,S02,S02-L02,1,running,164.9707,422.6245,102.657,45.9204,1.07,B,relation-reasoning-agent-eval-v3.1
2026-08-25T12:30:00+09:00,CMP-S02-L03-01,S02,S02-L03,1,running,202.3479,450.1902,86.1194,43.3337,0.3131,A,relation-reasoning-agent-eval-v3.1
2026-08-25T12:30:00+09:00,CMP-S02-L04-01,S02,S02-L04,1,running,185.2462,446.013,95.6659,56.129,2.6296,C,relation-reasoning-agent-eval-v3.1
2026-08-25T12:30:00+09:00,CMP-S02-L05-01,S02,S02-L05,1,running,176.5516,395.7057,96.523,45.5776,0.9709,A,relation-reasoning-agent-eval-v3.1
2026-08-25T12:40:00+09:00,CMP-S02-L01-01,S02,S02-L01,1,running,171.5954,510.74,89.751,45.5594,1.1914,B,relation-reasoning-agent-eval-v3.1
2026-08-25T12:40:00+09:00,CMP-S02-L02-01,S02,S02-L02,1,running,190.096,387.2805,102.8108,45.6586,1.0215,B,relation-reasoning-agent-eval-v3.1
2026-08-25T12:40:00+09:00,CMP-S02-L03-01,S02,S02-L03,1,running,180.9838,386.7281,86.9192,45.1805,0.655,A,relation-reasoning-agent-eval-v3.1
2026-08-25T12:40:00+09:00,CMP-S02-L04-01,S02,S02-L04,1,running,174.1784,470.7558,93.1238,57.9821,2.9728,C,relation-reasoning-agent-eval-v3.1
2026-08-25T12:40:00+09:00,CMP-S02-L05-01,S02,S02-L05,1,running,193.934,436.2743,99.0316,45.6013,0.9752,A,relation-reasoning-agent-eval-v3.1
2026-08-25T12:50:00+09:00,CMP-S02-L01-01,S02,S02-L01,1,running,189.0441,494.051,92.4784,45.7924,1.2346,B,relation-reasoning-agent-eval-v3.1
2026-08-25T12:50:00+09:00,CMP-S02-L02-01,S02,S02-L02,1,running,163.6091,453.2001,101.5879,41.4118,0.235,A,relation-reasoning-agent-eval-v3.1
2026-08-25T12:50:00+09:00,CMP-S02-L03-01,S02,S02-L03,1,running,192.4387,430.0493,85.069,43.2035,0.2889,A,relation-reasoning-agent-eval-v3.1
2026-08-25T12:50:00+09:00,CMP-S02-L04-01,S02,S02-L04,1,running,150.4333,402.4343,98.6379,52.443,1.947,B,relation-reasoning-agent-eval-v3.1
2026-08-25T12:50:00+09:00,CMP-S02-L05-01,S02,S02-L05,1,running,196.6534,450.1153,99.1837,46.9486,1.2247,B,relation-reasoning-agent-eval-v3.1
2026-08-25T13:00:00+09:00,CMP-S02-L01-01,S02,S02-L01,1,running,192.3096,434.2405,92.9694,47.182,1.4919,B,relation-reasoning-agent-eval-v3.1
2026-08-25T13:00:00+09:00,CMP-S02-L02-01,S02,S02-L02,1,running,160.4591,440.0578,93.9958,38.2129,-0.3574,A,relation-reasoning-agent-eval-v3.1
2026-08-25T13:00:00+09:00,CMP-S02-L03-01,S02,S02-L03,1,running,187.5575,529.0139,84.066,43.3118,0.309,A,relation-reasoning-agent-eval-v3.1
2026-08-25T13:00:00+09:00,CMP-S02-L04-01,S02,S02-L04,1,running,171.4837,397.0629,92.7607,42.258,0.0609,A,relation-reasoning-agent-eval-v3.1
2026-08-25T13:00:00+09:00,CMP-S02-L05-01,S02,S02-L05,1,running,184.6105,502.7967,91.277,41.0436,0.1312,A,relation-reasoning-agent-eval-v3.1
2026-08-25T13:10:00+09:00,CMP-S02-L01-01,S02,S02-L01,1,running,187.0598,471.6656,91.544,41.5342,0.446,A,relation-reasoning-agent-eval-v3.1
2026-08-25T13:10:00+09:00,CMP-S02-L02-01,S02,S02-L02,1,running,161.4274,454.1343,99.941,42.9949,0.5282,A,relation-reasoning-agent-eval-v3.1
2026-08-25T13:10:00+09:00,CMP-S02-L03-01,S02,S02-L03,1,running,193.2303,529.0312,89.3509,41.5499,-0.0173,A,relation-reasoning-agent-eval-v3.1
2026-08-25T13:10:00+09:00,CMP-S02-L04-01,S02,S02-L04,1,running,173.8942,399.5609,93.0919,36.9655,-0.9192,A,relation-reasoning-agent-eval-v3.1
2026-08-25T13:10:00+09:00,CMP-S02-L05-01,S02,S02-L05,1,running,174.0496,497.1567,89.9581,36.6807,-0.6767,A,relation-reasoning-agent-eval-v3.1
2026-08-25T13:20:00+09:00,CMP-S02-L01-01,S02,S02-L01,1,running,188.4444,453.8519,93.3755,45.2365,1.1316,B,relation-reasoning-agent-eval-v3.1
2026-08-25T13:20:00+09:00,CMP-S02-L02-01,S02,S02-L02,1,running,168.8916,425.1693,92.5296,32.494,-1.4164,B,relation-reasoning-agent-eval-v3.1
2026-08-25T13:20:00+09:00,CMP-S02-L03-01,S02,S02-L03,1,running,181.2252,549.7526,87.4257,38.9283,-0.5028,A,relation-reasoning-agent-eval-v3.1
2026-08-25T13:20:00+09:00,CMP-S02-L04-01,S02,S02-L04,1,running,180.2121,381.1939,97.6511,39.5718,-0.4365,A,relation-reasoning-agent-eval-v3.1
2026-08-25T13:20:00+09:00,CMP-S02-L05-01,S02,S02-L05,1,running,161.1507,461.5742,95.0138,41.2734,0.1738,A,relation-reasoning-agent-eval-v3.1
2026-08-25T13:30:00+09:00,CMP-S02-L01-01,S02,S02-L01,1,running,190.6383,459.8559,94.5404,39.3553,0.0425,A,relation-reasoning-agent-eval-v3.1
2026-08-25T13:30:00+09:00,CMP-S02-L02-01,S02,S02-L02,1,running,165.1091,445.3967,92.4932,39.8354,-0.0569,A,relation-reasoning-agent-eval-v3.1
2026-08-25T13:30:00+09:00,CMP-S02-L03-01,S02,S02-L03,1,running,182.9968,527.3627,95.0441,39.7874,-0.3436,A,relation-reasoning-agent-eval-v3.1
2026-08-25T13:30:00+09:00,CMP-S02-L04-01,S02,S02-L04,1,running,171.1077,363.9622,92.0222,36.2794,-1.0463,B,relation-reasoning-agent-eval-v3.1
2026-08-25T13:30:00+09:00,CMP-S02-L05-01,S02,S02-L05,1,running,139.4346,445.6082,92.1345,41.8713,0.2845,A,relation-reasoning-agent-eval-v3.1
2026-08-25T13:40:00+09:00,CMP-S02-L01-01,S02,S02-L01,1,running,180.6803,484.6598,94.307,41.2575,0.3948,A,relation-reasoning-agent-eval-v3.1
2026-08-25T13:40:00+09:00,CMP-S02-L02-01,S02,S02-L02,1,running,164.731,441.9929,95.3371,43.7313,0.6646,A,relation-reasoning-agent-eval-v3.1
2026-08-25T13:40:00+09:00,CMP-S02-L03-01,S02,S02-L03,1,running,181.5435,491.9332,96.7198,36.3489,-0.9804,A,relation-reasoning-agent-eval-v3.1
2026-08-25T13:40:00+09:00,CMP-S02-L04-01,S02,S02-L04,1,running,170.7948,407.979,98.5839,42.9332,0.1859,A,relation-reasoning-agent-eval-v3.1
2026-08-25T13:40:00+09:00,CMP-S02-L05-01,S02,S02-L05,1,running,146.5188,426.1577,90.7267,44.1052,0.6982,A,relation-reasoning-agent-eval-v3.1
2026-08-25T13:50:00+09:00,CMP-S02-L01-01,S02,S02-L01,1,running,184.0883,477.8848,96.9301,33.3684,-1.0661,B,relation-reasoning-agent-eval-v3.1
2026-08-25T13:50:00+09:00,CMP-S02-L02-01,S02,S02-L02,1,running,156.0683,425.9707,95.4866,47.6822,1.3962,B,relation-reasoning-agent-eval-v3.1
2026-08-25T13:50:00+09:00,CMP-S02-L03-01,S02,S02-L03,1,running,179.3125,541.9561,97.6403,36.5677,-0.9399,A,relation-reasoning-agent-eval-v3.1
2026-08-25T13:50:00+09:00,CMP-S02-L04-01,S02,S02-L04,1,running,173.3182,387.1403,105.9568,41.7401,-0.035,A,relation-reasoning-agent-eval-v3.1
2026-08-25T13:50:00+09:00,CMP-S02-L05-01,S02,S02-L05,1,running,155.0816,447.5132,89.0952,38.1997,-0.3954,A,relation-reasoning-agent-eval-v3.1
2026-08-25T14:00:00+09:00,CMP-S02-L01-01,S02,S02-L01,1,running,203.2529,438.5608,98.2076,32.7953,-1.1723,B,relation-reasoning-agent-eval-v3.1
2026-08-25T14:00:00+09:00,CMP-S02-L02-01,S02,S02-L02,1,running,155.4235,467.3614,88.3901,40.7833,0.1186,A,relation-reasoning-agent-eval-v3.1
2026-08-25T14:00:00+09:00,CMP-S02-L03-01,S02,S02-L03,1,running,171.4303,575.4426,100.0644,36.8372,-0.89,A,relation-reasoning-agent-eval-v3.1
2026-08-25T14:00:00+09:00,CMP-S02-L04-01,S02,S02-L04,1,running,172.5008,420.4628,101.4672,39.994,-0.3584,A,relation-reasoning-agent-eval-v3.1
2026-08-25T14:00:00+09:00,CMP-S02-L05-01,S02,S02-L05,1,running,171.8815,481.6053,94.4776,46.0418,1.0568,B,relation-reasoning-agent-eval-v3.1
2026-08-25T14:10:00+09:00,CMP-S02-L01-01,S02,S02-L01,1,running,194.1415,484.7433,97.8304,42.6413,0.651,A,relation-reasoning-agent-eval-v3.1
2026-08-25T14:10:00+09:00,CMP-S02-L02-01,S02,S02-L02,1,running,161.3618,489.3172,89.7029,41.7318,0.2943,A,relation-reasoning-agent-eval-v3.1
2026-08-25T14:10:00+09:00,CMP-S02-L03-01,S02,S02-L03,1,running,175.3707,552.0321,93.4436,33.7972,-1.453,B,relation-reasoning-agent-eval-v3.1
2026-08-25T14:10:00+09:00,CMP-S02-L04-01,S02,S02-L04,1,running,178.2604,393.8022,104.3231,39.7516,-0.4032,A,relation-reasoning-agent-eval-v3.1
2026-08-25T14:10:00+09:00,CMP-S02-L05-01,S02,S02-L05,1,running,179.9566,468.2171,97.7256,44.6369,0.7967,A,relation-reasoning-agent-eval-v3.1
2026-08-25T14:20:00+09:00,CMP-S02-L01-01,S02,S02-L01,1,running,188.0378,506.9764,94.1086,40.093,0.1791,A,relation-reasoning-agent-eval-v3.1
2026-08-25T14:20:00+09:00,CMP-S02-L02-01,S02,S02-L02,1,running,171.0159,541.9197,95.4241,45.8646,1.0596,B,relation-reasoning-agent-eval-v3.1
2026-08-25T14:20:00+09:00,CMP-S02-L03-01,S02,S02-L03,1,running,193.3059,505.6118,102.5818,40.5592,-0.2008,A,relation-reasoning-agent-eval-v3.1
2026-08-25T14:20:00+09:00,CMP-S02-L04-01,S02,S02-L04,1,running,174.4792,406.4649,110.5531,43.7563,0.3384,A,relation-reasoning-agent-eval-v3.1
2026-08-25T14:20:00+09:00,CMP-S02-L05-01,S02,S02-L05,1,running,181.3786,450.9218,90.6622,43.4,0.5676,A,relation-reasoning-agent-eval-v3.1
2026-08-25T14:30:00+09:00,CMP-S02-L01-01,S02,S02-L01,1,running,191.8294,503.4773,97.1364,42.8613,0.6918,A,relation-reasoning-agent-eval-v3.1
2026-08-25T14:30:00+09:00,CMP-S02-L02-01,S02,S02-L02,1,running,184.2662,571.0238,100.8656,46.3152,1.1431,B,relation-reasoning-agent-eval-v3.1
2026-08-25T14:30:00+09:00,CMP-S02-L03-01,S02,S02-L03,1,running,208.5341,463.8714,97.6838,39.1566,-0.4604,A,relation-reasoning-agent-eval-v3.1
2026-08-25T14:30:00+09:00,CMP-S02-L04-01,S02,S02-L04,1,running,176.6106,365.4343,110.0631,42.9788,0.1944,A,relation-reasoning-agent-eval-v3.1
2026-08-25T14:30:00+09:00,CMP-S02-L05-01,S02,S02-L05,1,running,183.2127,372.262,87.414,42.5197,0.4046,A,relation-reasoning-agent-eval-v3.1
2026-08-25T14:40:00+09:00,CMP-S02-L01-01,S02,S02-L01,1,running,196.674,514.398,99.0154,44.0133,0.9051,A,relation-reasoning-agent-eval-v3.1
2026-08-25T14:40:00+09:00,CMP-S02-L02-01,S02,S02-L02,1,running,168.2696,540.607,99.184,42.2425,0.3889,A,relation-reasoning-agent-eval-v3.1
2026-08-25T14:40:00+09:00,CMP-S02-L03-01,S02,S02-L03,1,running,189.3105,430.0972,95.748,40.3347,-0.2423,A,relation-reasoning-agent-eval-v3.1
2026-08-25T14:40:00+09:00,CMP-S02-L04-01,S02,S02-L04,1,running,190.4937,400.4587,109.5798,42.3446,0.0769,A,relation-reasoning-agent-eval-v3.1
2026-08-25T14:40:00+09:00,CMP-S02-L05-01,S02,S02-L05,1,running,167.9783,363.7299,90.5142,36.9712,-0.6229,A,relation-reasoning-agent-eval-v3.1
2026-08-25T14:50:00+09:00,CMP-S02-L01-01,S02,S02-L01,1,running,180.369,469.993,98.1703,45.5842,1.196,B,relation-reasoning-agent-eval-v3.1
2026-08-25T14:50:00+09:00,CMP-S02-L02-01,S02,S02-L02,1,running,163.9595,533.8788,104.1993,40.9771,0.1545,A,relation-reasoning-agent-eval-v3.1
2026-08-25T14:50:00+09:00,CMP-S02-L03-01,S02,S02-L03,1,running,188.6009,444.7842,88.3637,37.3914,-0.7874,A,relation-reasoning-agent-eval-v3.1
2026-08-25T14:50:00+09:00,CMP-S02-L04-01,S02,S02-L04,1,running,193.687,405.681,107.4189,44.393,0.4563,A,relation-reasoning-agent-eval-v3.1
2026-08-25T14:50:00+09:00,CMP-S02-L05-01,S02,S02-L05,1,running,172.1292,384.4803,98.4642,36.8216,-0.6506,A,relation-reasoning-agent-eval-v3.1
2026-08-25T15:00:00+09:00,CMP-S02-L01-01,S02,S02-L01,1,running,177.995,487.372,100.3972,40.3132,0.2199,A,relation-reasoning-agent-eval-v3.1
2026-08-25T15:00:00+09:00,CMP-S02-L02-01,S02,S02-L02,1,running,168.2335,550.5756,110.6846,46.8701,1.2458,B,relation-reasoning-agent-eval-v3.1
2026-08-25T15:00:00+09:00,CMP-S02-L03-01,S02,S02-L03,1,running,170.9076,420.6423,85.8489,40.1946,-0.2682,A,relation-reasoning-agent-eval-v3.1
2026-08-25T15:00:00+09:00,CMP-S02-L04-01,S02,S02-L04,1,running,191.7322,421.74,98.0478,40.3689,-0.2889,A,relation-reasoning-agent-eval-v3.1
2026-08-25T15:00:00+09:00,CMP-S02-L05-01,S02,S02-L05,1,running,167.2217,404.1784,95.0061,34.4103,-1.0972,B,relation-reasoning-agent-eval-v3.1
2026-08-25T15:10:00+09:00,CMP-S02-L01-01,S02,S02-L01,1,running,188.6469,499.2279,103.9634,48.8812,1.8066,B,relation-reasoning-agent-eval-v3.1
2026-08-25T15:10:00+09:00,CMP-S02-L02-01,S02,S02-L02,1,running,139.3976,551.2176,107.9548,43.6635,0.652,A,relation-reasoning-agent-eval-v3.1
2026-08-25T15:10:00+09:00,CMP-S02-L03-01,S02,S02-L03,1,running,151.0778,449.4572,86.1628,46.3683,0.875,A,relation-reasoning-agent-eval-v3.1
2026-08-25T15:10:00+09:00,CMP-S02-L04-01,S02,S02-L04,1,running,178.3466,448.717,100.2763,40.6645,-0.2342,A,relation-reasoning-agent-eval-v3.1
2026-08-25T15:10:00+09:00,CMP-S02-L05-01,S02,S02-L05,1,running,165.8491,415.3179,97.4269,34.2434,-1.1281,B,relation-reasoning-agent-eval-v3.1
2026-08-25T15:20:00+09:00,CMP-S02-L01-01,S02,S02-L01,1,running,181.5062,495.0231,105.9183,47.9687,1.6376,B,relation-reasoning-agent-eval-v3.1
2026-08-25T15:20:00+09:00,CMP-S02-L02-01,S02,S02-L02,1,running,162.4191,544.8382,106.9233,40.8242,0.1262,A,relation-reasoning-agent-eval-v3.1
2026-08-25T15:20:00+09:00,CMP-S02-L03-01,S02,S02-L03,1,running,159.6726,434.6271,88.8181,46.8382,0.962,A,relation-reasoning-agent-eval-v3.1
2026-08-25T15:20:00+09:00,CMP-S02-L04-01,S02,S02-L04,1,running,191.6064,447.6215,108.2605,40.5143,-0.262,A,relation-reasoning-agent-eval-v3.1
2026-08-25T15:20:00+09:00,CMP-S02-L05-01,S02,S02-L05,1,running,159.688,436.2684,97.6304,38.3122,-0.3746,A,relation-reasoning-agent-eval-v3.1
2026-08-25T15:30:00+09:00,CMP-S02-L01-01,S02,S02-L01,1,running,181.7751,478.7203,91.8834,48.9399,1.8174,B,relation-reasoning-agent-eval-v3.1
2026-08-25T15:30:00+09:00,CMP-S02-L02-01,S02,S02-L02,1,running,143.0842,539.5329,106.3777,42.4974,0.4361,A,relation-reasoning-agent-eval-v3.1
2026-08-25T15:30:00+09:00,CMP-S02-L03-01,S02,S02-L03,1,running,171.9316,415.1282,91.0069,46.8588,0.9658,A,relation-reasoning-agent-eval-v3.1
2026-08-25T15:30:00+09:00,CMP-S02-L04-01,S02,S02-L04,1,running,178.0446,488.3772,103.9834,46.0872,0.77,A,relation-reasoning-agent-eval-v3.1
2026-08-25T15:30:00+09:00,CMP-S02-L05-01,S02,S02-L05,1,running,177.3433,430.5876,91.1695,37.0493,-0.6085,A,relation-reasoning-agent-eval-v3.1
2026-08-25T15:40:00+09:00,CMP-S02-L01-01,S02,S02-L01,1,running,174.1949,493.1864,96.4356,44.5924,1.0124,B,relation-reasoning-agent-eval-v3.1
2026-08-25T15:40:00+09:00,CMP-S02-L02-01,S02,S02-L02,1,running,141.1536,558.5035,104.4517,38.4708,-0.3096,A,relation-reasoning-agent-eval-v3.1
2026-08-25T15:40:00+09:00,CMP-S02-L03-01,S02,S02-L03,1,running,173.9004,419.1148,89.6296,50.6621,1.6702,B,relation-reasoning-agent-eval-v3.1
2026-08-25T15:40:00+09:00,CMP-S02-L04-01,S02,S02-L04,1,running,173.0624,488.6357,105.0054,44.1792,0.4167,A,relation-reasoning-agent-eval-v3.1
2026-08-25T15:40:00+09:00,CMP-S02-L05-01,S02,S02-L05,1,running,169.2867,424.364,99.223,37.3745,-0.5482,A,relation-reasoning-agent-eval-v3.1
2026-08-25T15:50:00+09:00,CMP-S02-L01-01,S02,S02-L01,1,running,183.5113,494.8321,96.858,41.4102,0.4231,A,relation-reasoning-agent-eval-v3.1
2026-08-25T15:50:00+09:00,CMP-S02-L02-01,S02,S02-L02,1,running,156.6316,489.8936,105.1313,40.647,0.0934,A,relation-reasoning-agent-eval-v3.1
2026-08-25T15:50:00+09:00,CMP-S02-L03-01,S02,S02-L03,1,running,195.5509,424.155,90.1446,54.3071,2.3452,C,relation-reasoning-agent-eval-v3.1
2026-08-25T15:50:00+09:00,CMP-S02-L04-01,S02,S02-L04,1,running,183.3197,518.4965,96.874,45.7107,0.7003,A,relation-reasoning-agent-eval-v3.1
2026-08-25T15:50:00+09:00,CMP-S02-L05-01,S02,S02-L05,1,running,184.9421,416.2681,91.7698,44.8122,0.8291,A,relation-reasoning-agent-eval-v3.1
2026-08-25T16:00:00+09:00,CMP-S02-L01-01,S02,S02-L01,1,running,197.8348,462.4784,98.7177,42.0657,0.5444,A,relation-reasoning-agent-eval-v3.1
2026-08-25T16:00:00+09:00,CMP-S02-L02-01,S02,S02-L02,1,running,164.1552,446.5632,99.9634,42.7284,0.4788,A,relation-reasoning-agent-eval-v3.1
2026-08-25T16:00:00+09:00,CMP-S02-L03-01,S02,S02-L03,1,running,173.0123,469.3456,88.2972,49.8883,1.5268,B,relation-reasoning-agent-eval-v3.1
2026-08-25T16:00:00+09:00,CMP-S02-L04-01,S02,S02-L04,1,running,175.9391,489.6187,105.178,44.0802,0.3983,A,relation-reasoning-agent-eval-v3.1
2026-08-25T16:00:00+09:00,CMP-S02-L05-01,S02,S02-L05,1,running,179.6284,452.3096,91.8226,42.8534,0.4664,A,relation-reasoning-agent-eval-v3.1
2026-08-25T16:10:00+09:00,CMP-S02-L01-01,S02,S02-L01,1,running,189.8271,455.1624,104.4098,45.0447,1.0961,B,relation-reasoning-agent-eval-v3.1
2026-08-25T16:10:00+09:00,CMP-S02-L02-01,S02,S02-L02,1,running,184.4107,416.8337,105.7806,46.3634,1.152,B,relation-reasoning-agent-eval-v3.1
2026-08-25T16:10:00+09:00,CMP-S02-L03-01,S02,S02-L03,1,running,173.2541,502.6124,93.5897,48.9332,1.35,B,relation-reasoning-agent-eval-v3.1
2026-08-25T16:10:00+09:00,CMP-S02-L04-01,S02,S02-L04,1,running,181.2076,528.609,98.2031,43.8659,0.3587,A,relation-reasoning-agent-eval-v3.1
2026-08-25T16:10:00+09:00,CMP-S02-L05-01,S02,S02-L05,1,running,188.1747,442.3134,92.8177,37.5462,-0.5164,A,relation-reasoning-agent-eval-v3.1
2026-08-25T16:20:00+09:00,CMP-S02-L01-01,S02,S02-L01,1,running,179.4228,460.2312,101.4271,49.1421,1.8549,B,relation-reasoning-agent-eval-v3.1
2026-08-25T16:20:00+09:00,CMP-S02-L02-01,S02,S02-L02,1,running,165.2815,429.1034,99.3034,46.363,1.1519,B,relation-reasoning-agent-eval-v3.1
2026-08-25T16:20:00+09:00,CMP-S02-L03-01,S02,S02-L03,1,running,174.04,499.1398,93.6199,48.5992,1.2881,B,relation-reasoning-agent-eval-v3.1
2026-08-25T16:20:00+09:00,CMP-S02-L04-01,S02,S02-L04,1,running,193.3322,567.3979,107.9339,39.9298,-0.3703,A,relation-reasoning-agent-eval-v3.1
2026-08-25T16:20:00+09:00,CMP-S02-L05-01,S02,S02-L05,1,running,184.2139,438.0986,99.7057,40.8538,0.0961,A,relation-reasoning-agent-eval-v3.1
2026-08-25T16:30:00+09:00,CMP-S02-L01-01,S02,S02-L01,1,running,159.0985,456.0353,99.6729,48.1146,1.6646,B,relation-reasoning-agent-eval-v3.1
2026-08-25T16:30:00+09:00,CMP-S02-L02-01,S02,S02-L02,1,running,173.909,393.6961,103.8356,49.4568,1.7248,B,relation-reasoning-agent-eval-v3.1
2026-08-25T16:30:00+09:00,CMP-S02-L03-01,S02,S02-L03,1,running,171.2393,462.8039,91.7414,43.398,0.325,A,relation-reasoning-agent-eval-v3.1
2026-08-25T16:30:00+09:00,CMP-S02-L04-01,S02,S02-L04,1,running,159.1898,553.8389,108.88,33.9604,-1.4757,B,relation-reasoning-agent-eval-v3.1
2026-08-25T16:30:00+09:00,CMP-S02-L05-01,S02,S02-L05,1,running,193.3755,414.2112,97.4249,38.258,-0.3846,A,relation-reasoning-agent-eval-v3.1
2026-08-25T16:40:00+09:00,CMP-S02-L01-01,S02,S02-L01,1,running,152.7129,418.3447,94.6317,42.8728,0.6939,A,relation-reasoning-agent-eval-v3.1
2026-08-25T16:40:00+09:00,CMP-S02-L02-01,S02,S02-L02,1,running,160.2855,413.0901,112.1247,51.2351,2.0542,C,relation-reasoning-agent-eval-v3.1
2026-08-25T16:40:00+09:00,CMP-S02-L03-01,S02,S02-L03,1,running,161.3185,464.8897,87.7753,43.9234,0.4222,A,relation-reasoning-agent-eval-v3.1
2026-08-25T16:40:00+09:00,CMP-S02-L04-01,S02,S02-L04,1,running,173.2548,466.2011,101.6047,39.0982,-0.5243,A,relation-reasoning-agent-eval-v3.1
2026-08-25T16:40:00+09:00,CMP-S02-L05-01,S02,S02-L05,1,running,189.3635,458.8162,101.5795,39.5502,-0.1453,A,relation-reasoning-agent-eval-v3.1
2026-08-25T16:50:00+09:00,CMP-S02-L01-01,S02,S02-L01,1,running,159.8617,416.2228,92.883,46.7386,1.4098,B,relation-reasoning-agent-eval-v3.1
2026-08-25T16:50:00+09:00,CMP-S02-L02-01,S02,S02-L02,1,running,149.8584,438.8882,111.5171,48.0719,1.4684,B,relation-reasoning-agent-eval-v3.1
2026-08-25T16:50:00+09:00,CMP-S02-L03-01,S02,S02-L03,1,running,162.9812,415.4105,87.422,46.8624,0.9666,A,relation-reasoning-agent-eval-v3.1
2026-08-25T16:50:00+09:00,CMP-S02-L04-01,S02,S02-L04,1,running,178.8321,497.3519,103.6796,42.1538,0.0416,A,relation-reasoning-agent-eval-v3.1
2026-08-25T16:50:00+09:00,CMP-S02-L05-01,S02,S02-L05,1,running,172.0273,422.8969,107.3278,36.8125,-0.6523,A,relation-reasoning-agent-eval-v3.1
2026-08-25T17:00:00+09:00,CMP-S02-L01-01,S02,S02-L01,1,running,175.9083,408.192,101.517,50.5939,2.1238,C,relation-reasoning-agent-eval-v3.1
2026-08-25T17:00:00+09:00,CMP-S02-L02-01,S02,S02-L02,1,running,138.2328,449.0559,106.8587,45.8561,1.058,B,relation-reasoning-agent-eval-v3.1
2026-08-25T17:00:00+09:00,CMP-S02-L03-01,S02,S02-L03,1,running,170.4909,419.4198,94.9338,44.9864,0.6191,A,relation-reasoning-agent-eval-v3.1
2026-08-25T17:00:00+09:00,CMP-S02-L04-01,S02,S02-L04,1,running,180.414,519.1034,101.4481,46.4788,0.8425,A,relation-reasoning-agent-eval-v3.1
2026-08-25T17:00:00+09:00,CMP-S02-L05-01,S02,S02-L05,1,running,160.1848,431.1661,105.6525,38.9245,-0.2612,A,relation-reasoning-agent-eval-v3.1
2026-08-25T17:10:00+09:00,CMP-S02-L01-01,S02,S02-L01,1,running,158.1506,411.1225,100.7831,52.4091,2.4599,C,relation-reasoning-agent-eval-v3.1
2026-08-25T17:10:00+09:00,CMP-S02-L02-01,S02,S02-L02,1,running,153.9517,462.9948,104.8888,41.4458,0.2413,A,relation-reasoning-agent-eval-v3.1
2026-08-25T17:10:00+09:00,CMP-S02-L03-01,S02,S02-L03,1,running,170.7619,437.8895,100.5725,40.028,-0.2991,A,relation-reasoning-agent-eval-v3.1
2026-08-25T17:10:00+09:00,CMP-S02-L04-01,S02,S02-L04,1,running,197.7646,485.1257,98.3266,39.9675,-0.3633,A,relation-reasoning-agent-eval-v3.1
2026-08-25T17:10:00+09:00,CMP-S02-L05-01,S02,S02-L05,1,running,154.1645,475.3841,106.9651,41.8717,0.2846,A,relation-reasoning-agent-eval-v3.1
2026-08-25T17:20:00+09:00,CMP-S02-L01-01,S02,S02-L01,1,running,150.9702,460.2897,100.3137,50.0957,2.0315,C,relation-reasoning-agent-eval-v3.1
2026-08-25T17:20:00+09:00,CMP-S02-L02-01,S02,S02-L02,1,running,142.561,482.4515,111.1168,46.9074,1.2527,B,relation-reasoning-agent-eval-v3.1
2026-08-25T17:20:00+09:00,CMP-S02-L03-01,S02,S02-L03,1,running,193.1337,441.34,102.1348,41.8686,0.0418,A,relation-reasoning-agent-eval-v3.1
2026-08-25T17:20:00+09:00,CMP-S02-L04-01,S02,S02-L04,1,running,205.2815,487.1908,96.2152,38.3189,-0.6686,A,relation-reasoning-agent-eval-v3.1
2026-08-25T17:20:00+09:00,CMP-S02-L05-01,S02,S02-L05,1,running,168.116,477.9551,106.1337,40.5543,0.0406,A,relation-reasoning-agent-eval-v3.1
2026-08-25T17:30:00+09:00,CMP-S02-L01-01,S02,S02-L01,1,running,156.7502,443.2282,102.175,47.4904,1.549,B,relation-reasoning-agent-eval-v3.1
2026-08-25T17:30:00+09:00,CMP-S02-L02-01,S02,S02-L02,1,running,154.3626,484.4722,106.6469,42.8675,0.5046,A,relation-reasoning-agent-eval-v3.1
2026-08-25T17:30:00+09:00,CMP-S02-L03-01,S02,S02-L03,1,running,193.4388,505.7251,101.3052,34.4432,-1.3334,B,relation-reasoning-agent-eval-v3.1
2026-08-25T17:30:00+09:00,CMP-S02-L04-01,S02,S02-L04,1,running,190.4312,508.5683,92.4644,35.9431,-1.1085,B,relation-reasoning-agent-eval-v3.1
2026-08-25T17:30:00+09:00,CMP-S02-L05-01,S02,S02-L05,1,running,165.8182,480.1658,103.2066,41.1816,0.1568,A,relation-reasoning-agent-eval-v3.1
2026-08-25T17:40:00+09:00,CMP-S02-L01-01,S02,S02-L01,1,running,140.7667,426.3002,102.9961,46.2139,1.3126,B,relation-reasoning-agent-eval-v3.1
2026-08-25T17:40:00+09:00,CMP-S02-L02-01,S02,S02-L02,1,running,142.4949,482.9235,101.3157,41.9113,0.3275,A,relation-reasoning-agent-eval-v3.1
2026-08-25T17:40:00+09:00,CMP-S02-L03-01,S02,S02-L03,1,running,192.0293,455.2507,97.9074,34.8098,-1.2655,B,relation-reasoning-agent-eval-v3.1
2026-08-25T17:40:00+09:00,CMP-S02-L04-01,S02,S02-L04,1,running,196.8733,438.2334,91.291,43.2598,0.2464,A,relation-reasoning-agent-eval-v3.1
2026-08-25T17:40:00+09:00,CMP-S02-L05-01,S02,S02-L05,1,running,155.3993,486.2739,98.0814,43.309,0.5507,A,relation-reasoning-agent-eval-v3.1
2026-08-25T17:50:00+09:00,CMP-S02-L01-01,S02,S02-L01,1,running,153.5019,424.9483,103.5789,43.2256,0.7593,A,relation-reasoning-agent-eval-v3.1
2026-08-25T17:50:00+09:00,CMP-S02-L02-01,S02,S02-L02,1,running,148.1468,423.3487,101.5975,47.5536,1.3724,B,relation-reasoning-agent-eval-v3.1
2026-08-25T17:50:00+09:00,CMP-S02-L03-01,S02,S02-L03,1,running,185.0329,462.1469,97.2598,30.1017,-2.1373,C,relation-reasoning-agent-eval-v3.1
2026-08-25T17:50:00+09:00,CMP-S02-L04-01,S02,S02-L04,1,running,195.0137,423.445,100.2037,44.4525,0.4673,A,relation-reasoning-agent-eval-v3.1
2026-08-25T17:50:00+09:00,CMP-S02-L05-01,S02,S02-L05,1,running,166.8184,456.6396,99.6212,38.2741,-0.3817,A,relation-reasoning-agent-eval-v3.1
2026-08-25T18:00:00+09:00,CMP-S02-L01-01,S02,S02-L01,1,running,157.0264,394.6386,103.9762,43.3499,0.7823,A,relation-reasoning-agent-eval-v3.1
2026-08-25T18:00:00+09:00,CMP-S02-L02-01,S02,S02-L02,1,running,142.4919,451.6665,104.8591,41.2065,0.197,A,relation-reasoning-agent-eval-v3.1
2026-08-25T18:00:00+09:00,CMP-S02-L03-01,S02,S02-L03,1,running,178.5328,462.3569,95.8527,38.2278,-0.6324,A,relation-reasoning-agent-eval-v3.1
2026-08-25T18:00:00+09:00,CMP-S02-L04-01,S02,S02-L04,1,running,197.2482,447.8986,103.4895,34.7789,-1.3241,B,relation-reasoning-agent-eval-v3.1
2026-08-25T18:00:00+09:00,CMP-S02-L05-01,S02,S02-L05,1,running,156.3413,432.0632,97.712,39.4077,-0.1717,A,relation-reasoning-agent-eval-v3.1
2026-08-25T18:10:00+09:00,CMP-S02-L01-01,S02,S02-L01,1,running,153.8587,378.6588,98.1187,36.2748,-0.5279,A,relation-reasoning-agent-eval-v3.1
2026-08-25T18:10:00+09:00,CMP-S02-L02-01,S02,S02-L02,1,running,142.5915,403.9597,106.6866,40.3436,0.0372,A,relation-reasoning-agent-eval-v3.1
2026-08-25T18:10:00+09:00,CMP-S02-L03-01,S02,S02-L03,1,running,173.4244,455.5856,104.5633,42.8306,0.2199,A,relation-reasoning-agent-eval-v3.1
2026-08-25T18:10:00+09:00,CMP-S02-L04-01,S02,S02-L04,1,running,184.094,449.7185,102.2335,38.2889,-0.6741,A,relation-reasoning-agent-eval-v3.1
2026-08-25T18:10:00+09:00,CMP-S02-L05-01,S02,S02-L05,1,running,172.0443,451.1981,105.8755,38.6312,-0.3155,A,relation-reasoning-agent-eval-v3.1
2026-08-25T18:20:00+09:00,CMP-S02-L01-01,S02,S02-L01,1,running,182.403,399.7029,101.6735,37.849,-0.2364,A,relation-reasoning-agent-eval-v3.1
2026-08-25T18:20:00+09:00,CMP-S02-L02-01,S02,S02-L02,1,running,147.2357,450.321,103.6702,46.8288,1.2382,B,relation-reasoning-agent-eval-v3.1
2026-08-25T18:20:00+09:00,CMP-S02-L03-01,S02,S02-L03,1,running,160.545,473.9272,100.1391,35.7199,-1.0969,B,relation-reasoning-agent-eval-v3.1
2026-08-25T18:20:00+09:00,CMP-S02-L04-01,S02,S02-L04,1,running,159.9741,435.2718,97.7468,42.4087,0.0888,A,relation-reasoning-agent-eval-v3.1
2026-08-25T18:20:00+09:00,CMP-S02-L05-01,S02,S02-L05,1,running,168.1464,456.1494,100.1721,33.7289,-1.2233,B,relation-reasoning-agent-eval-v3.1
2026-08-25T18:30:00+09:00,CMP-S02-L01-01,S02,S02-L01,1,running,177.4543,435.4203,101.9119,45.4053,1.1629,B,relation-reasoning-agent-eval-v3.1
2026-08-25T18:30:00+09:00,CMP-S02-L02-01,S02,S02-L02,1,running,144.8156,442.3461,105.5555,50.553,1.9278,B,relation-reasoning-agent-eval-v3.1
2026-08-25T18:30:00+09:00,CMP-S02-L03-01,S02,S02-L03,1,running,173.3289,448.4172,95.498,34.0904,-1.3986,B,relation-reasoning-agent-eval-v3.1
2026-08-25T18:30:00+09:00,CMP-S02-L04-01,S02,S02-L04,1,running,157.927,436.0243,90.3418,35.3403,-1.2202,B,relation-reasoning-agent-eval-v3.1
2026-08-25T18:30:00+09:00,CMP-S02-L05-01,S02,S02-L05,1,running,171.7763,474.9607,95.8303,35.3104,-0.9305,A,relation-reasoning-agent-eval-v3.1
2026-08-25T18:40:00+09:00,CMP-S02-L01-01,S02,S02-L01,1,running,167.4734,414.8954,93.9642,42.7244,0.6664,A,relation-reasoning-agent-eval-v3.1
2026-08-25T18:40:00+09:00,CMP-S02-L02-01,S02,S02-L02,1,running,154.6137,423.9145,103.7677,46.5425,1.1852,B,relation-reasoning-agent-eval-v3.1
2026-08-25T18:40:00+09:00,CMP-S02-L03-01,S02,S02-L03,1,running,178.4761,458.1088,92.2623,33.8351,-1.446,B,relation-reasoning-agent-eval-v3.1
2026-08-25T18:40:00+09:00,CMP-S02-L04-01,S02,S02-L04,1,running,168.6688,428.9785,90.2925,42.8534,0.1712,A,relation-reasoning-agent-eval-v3.1
2026-08-25T18:40:00+09:00,CMP-S02-L05-01,S02,S02-L05,1,running,172.5037,448.9561,92.5125,43.2969,0.5485,A,relation-reasoning-agent-eval-v3.1
2026-08-25T18:50:00+09:00,CMP-S02-L01-01,S02,S02-L01,1,running,184.9387,480.8223,104.2296,43.3646,0.785,A,relation-reasoning-agent-eval-v3.1
2026-08-25T18:50:00+09:00,CMP-S02-L02-01,S02,S02-L02,1,running,143.6699,496.6268,102.3871,53.1753,2.4134,C,relation-reasoning-agent-eval-v3.1
2026-08-25T18:50:00+09:00,CMP-S02-L03-01,S02,S02-L03,1,running,175.1207,429.4555,91.7425,36.7029,-0.9149,A,relation-reasoning-agent-eval-v3.1
2026-08-25T18:50:00+09:00,CMP-S02-L04-01,S02,S02-L04,1,running,175.6102,454.3653,95.6507,38.9713,-0.5478,A,relation-reasoning-agent-eval-v3.1
2026-08-25T18:50:00+09:00,CMP-S02-L05-01,S02,S02-L05,1,running,176.1401,438.393,89.9316,33.8215,-1.2062,B,relation-reasoning-agent-eval-v3.1
2026-08-25T19:00:00+09:00,CMP-S02-L01-01,S02,S02-L01,1,running,185.4227,488.2355,98.6784,41.5235,0.4441,A,relation-reasoning-agent-eval-v3.1
2026-08-25T19:00:00+09:00,CMP-S02-L02-01,S02,S02-L02,1,running,155.2048,534.4856,102.6888,45.9271,1.0712,B,relation-reasoning-agent-eval-v3.1
2026-08-25T19:00:00+09:00,CMP-S02-L03-01,S02,S02-L03,1,running,165.5789,420.2025,96.4052,37.2625,-0.8113,A,relation-reasoning-agent-eval-v3.1
2026-08-25T19:00:00+09:00,CMP-S02-L04-01,S02,S02-L04,1,running,173.6596,432.9088,93.7141,34.2214,-1.4274,B,relation-reasoning-agent-eval-v3.1
2026-08-25T19:00:00+09:00,CMP-S02-L05-01,S02,S02-L05,1,running,160.1337,447.7631,90.6439,26.5752,-2.5481,C,relation-reasoning-agent-eval-v3.1
2026-08-25T19:10:00+09:00,CMP-S02-L01-01,S02,S02-L01,1,running,170.0511,430.0284,105.1731,39.1631,0.0069,A,relation-reasoning-agent-eval-v3.1
2026-08-25T19:10:00+09:00,CMP-S02-L02-01,S02,S02-L02,1,running,154.3394,551.0443,99.9783,41.1615,0.1887,A,relation-reasoning-agent-eval-v3.1
2026-08-25T19:10:00+09:00,CMP-S02-L03-01,S02,S02-L03,1,running,166.2259,471.1458,99.3814,40.0635,-0.2925,A,relation-reasoning-agent-eval-v3.1
2026-08-25T19:10:00+09:00,CMP-S02-L04-01,S02,S02-L04,1,running,196.1439,465.1335,100.6472,34.7016,-1.3384,B,relation-reasoning-agent-eval-v3.1
2026-08-25T19:10:00+09:00,CMP-S02-L05-01,S02,S02-L05,1,running,168.754,491.5882,93.8991,32.2324,-1.5005,B,relation-reasoning-agent-eval-v3.1
2026-08-25T19:20:00+09:00,CMP-S02-L01-01,S02,S02-L01,1,running,174.6608,452.3284,100.0895,36.5691,-0.4734,A,relation-reasoning-agent-eval-v3.1
2026-08-25T19:20:00+09:00,CMP-S02-L02-01,S02,S02-L02,1,running,149.2308,520.5312,92.458,43.9571,0.7064,A,relation-reasoning-agent-eval-v3.1
2026-08-25T19:20:00+09:00,CMP-S02-L03-01,S02,S02-L03,1,running,176.8864,512.2895,94.5283,36.028,-1.0399,B,relation-reasoning-agent-eval-v3.1
2026-08-25T19:20:00+09:00,CMP-S02-L04-01,S02,S02-L04,1,running,192.9282,485.2037,103.558,38.358,-0.6613,A,relation-reasoning-agent-eval-v3.1
2026-08-25T19:20:00+09:00,CMP-S02-L05-01,S02,S02-L05,1,running,164.568,494.9439,93.8619,36.5152,-0.7074,A,relation-reasoning-agent-eval-v3.1
2026-08-25T19:30:00+09:00,CMP-S02-L01-01,S02,S02-L01,1,running,174.1105,442.5736,99.036,37.9171,-0.2238,A,relation-reasoning-agent-eval-v3.1
2026-08-25T19:30:00+09:00,CMP-S02-L02-01,S02,S02-L02,1,running,171.5295,536.0864,100.3195,39.2506,-0.1652,A,relation-reasoning-agent-eval-v3.1
2026-08-25T19:30:00+09:00,CMP-S02-L03-01,S02,S02-L03,1,running,189.1028,535.1614,95.3263,35.3084,-1.1732,B,relation-reasoning-agent-eval-v3.1
2026-08-25T19:30:00+09:00,CMP-S02-L04-01,S02,S02-L04,1,running,165.9065,479.8126,99.9393,43.0504,0.2076,A,relation-reasoning-agent-eval-v3.1
2026-08-25T19:30:00+09:00,CMP-S02-L05-01,S02,S02-L05,1,running,138.406,487.4805,89.726,38.0491,-0.4233,A,relation-reasoning-agent-eval-v3.1
2026-08-25T19:40:00+09:00,CMP-S02-L01-01,S02,S02-L01,1,running,168.9302,431.1059,103.9864,35.2326,-0.7209,A,relation-reasoning-agent-eval-v3.1
2026-08-25T19:40:00+09:00,CMP-S02-L02-01,S02,S02-L02,1,running,159.9313,531.6938,100.8146,38.9357,-0.2235,A,relation-reasoning-agent-eval-v3.1
2026-08-25T19:40:00+09:00,CMP-S02-L03-01,S02,S02-L03,1,running,189.1431,497.9562,92.5638,37.1352,-0.8348,A,relation-reasoning-agent-eval-v3.1
2026-08-25T19:40:00+09:00,CMP-S02-L04-01,S02,S02-L04,1,running,175.6439,511.2251,99.7355,41.9333,0.0008,A,relation-reasoning-agent-eval-v3.1
2026-08-25T19:40:00+09:00,CMP-S02-L05-01,S02,S02-L05,1,running,147.605,427.3246,95.1842,41.6198,0.2379,A,relation-reasoning-agent-eval-v3.1
2026-08-25T19:50:00+09:00,CMP-S02-L01-01,S02,S02-L01,1,running,170.8905,460.0297,99.1303,27.7516,-2.1063,C,relation-reasoning-agent-eval-v3.1
2026-08-25T19:50:00+09:00,CMP-S02-L02-01,S02,S02-L02,1,running,151.639,546.0329,99.3352,42.5528,0.4463,A,relation-reasoning-agent-eval-v3.1
2026-08-25T19:50:00+09:00,CMP-S02-L03-01,S02,S02-L03,1,running,182.8829,518.1589,84.5232,38.0861,-0.6587,A,relation-reasoning-agent-eval-v3.1
2026-08-25T19:50:00+09:00,CMP-S02-L04-01,S02,S02-L04,1,running,192.8516,454.8077,98.7193,50.4884,1.585,B,relation-reasoning-agent-eval-v3.1
2026-08-25T19:50:00+09:00,CMP-S02-L05-01,S02,S02-L05,1,running,154.4419,428.125,94.1003,40.4698,0.025,A,relation-reasoning-agent-eval-v3.1
2026-08-25T20:00:00+09:00,CMP-S02-L01-01,S02,S02-L01,1,running,170.3958,446.1807,102.5653,28.3119,-2.0025,C,relation-reasoning-agent-eval-v3.1
2026-08-25T20:00:00+09:00,CMP-S02-L02-01,S02,S02-L02,1,running,148.1124,559.2228,101.8011,47.8665,1.4303,B,relation-reasoning-agent-eval-v3.1
2026-08-25T20:00:00+09:00,CMP-S02-L03-01,S02,S02-L03,1,running,176.7102,512.0099,88.6182,38.1693,-0.6434,A,relation-reasoning-agent-eval-v3.1
2026-08-25T20:00:00+09:00,CMP-S02-L04-01,S02,S02-L04,1,running,181.6755,413.5278,103.3473,46.0533,0.7637,A,relation-reasoning-agent-eval-v3.1
2026-08-25T20:00:00+09:00,CMP-S02-L05-01,S02,S02-L05,1,running,154.1372,448.5896,96.5598,43.2017,0.5309,A,relation-reasoning-agent-eval-v3.1
2026-08-25T20:10:00+09:00,CMP-S02-L01-01,S02,S02-L01,1,running,176.0438,494.7896,100.7727,34.4588,-0.8642,A,relation-reasoning-agent-eval-v3.1
2026-08-25T20:10:00+09:00,CMP-S02-L02-01,S02,S02-L02,1,running,156.8997,541.5236,101.1138,42.9623,0.5222,A,relation-reasoning-agent-eval-v3.1
2026-08-25T20:10:00+09:00,CMP-S02-L03-01,S02,S02-L03,1,running,185.793,458.2054,88.8141,34.698,-1.2862,B,relation-reasoning-agent-eval-v3.1
2026-08-25T20:10:00+09:00,CMP-S02-L04-01,S02,S02-L04,1,running,208.1362,421.3573,109.4111,41.495,-0.0804,A,relation-reasoning-agent-eval-v3.1
2026-08-25T20:10:00+09:00,CMP-S02-L05-01,S02,S02-L05,1,running,170.7627,400.2081,100.1951,44.6058,0.7909,A,relation-reasoning-agent-eval-v3.1
2026-08-25T20:20:00+09:00,CMP-S02-L01-01,S02,S02-L01,1,running,188.8056,503.2922,97.955,38.8668,-0.0479,A,relation-reasoning-agent-eval-v3.1
2026-08-25T20:20:00+09:00,CMP-S02-L02-01,S02,S02-L02,1,running,159.529,513.0087,103.4681,39.8741,-0.0497,A,relation-reasoning-agent-eval-v3.1
2026-08-25T20:20:00+09:00,CMP-S02-L03-01,S02,S02-L03,1,running,182.5475,481.5718,93.5418,37.3687,-0.7915,A,relation-reasoning-agent-eval-v3.1
2026-08-25T20:20:00+09:00,CMP-S02-L04-01,S02,S02-L04,1,running,191.6766,450.8719,110.7943,41.5657,-0.0673,A,relation-reasoning-agent-eval-v3.1
2026-08-25T20:20:00+09:00,CMP-S02-L05-01,S02,S02-L05,1,running,173.422,398.9796,101.0257,49.251,1.6511,B,relation-reasoning-agent-eval-v3.1
2026-08-25T20:30:00+09:00,CMP-S02-L01-01,S02,S02-L01,1,running,184.092,467.1336,107.5846,38.0705,-0.1954,A,relation-reasoning-agent-eval-v3.1
2026-08-25T20:30:00+09:00,CMP-S02-L02-01,S02,S02-L02,1,running,153.8039,519.6281,102.736,33.3412,-1.2595,B,relation-reasoning-agent-eval-v3.1
2026-08-25T20:30:00+09:00,CMP-S02-L03-01,S02,S02-L03,1,running,191.3515,488.8416,96.0922,38.541,-0.5745,A,relation-reasoning-agent-eval-v3.1
2026-08-25T20:30:00+09:00,CMP-S02-L04-01,S02,S02-L04,1,running,193.2734,441.7468,104.9138,39.3516,-0.4773,A,relation-reasoning-agent-eval-v3.1
2026-08-25T20:30:00+09:00,CMP-S02-L05-01,S02,S02-L05,1,running,170.5697,447.6011,97.429,56.6046,3.0129,D,relation-reasoning-agent-eval-v3.1
2026-08-25T20:40:00+09:00,CMP-S02-L01-01,S02,S02-L01,1,running,174.0974,435.7926,114.4813,36.9989,-0.3938,A,relation-reasoning-agent-eval-v3.1
2026-08-25T20:40:00+09:00,CMP-S02-L02-01,S02,S02-L02,1,running,175.2506,491.5409,99.1495,30.7625,-1.7371,B,relation-reasoning-agent-eval-v3.1
2026-08-25T20:40:00+09:00,CMP-S02-L03-01,S02,S02-L03,1,running,190.0182,422.0807,96.0114,42.2488,0.1121,A,relation-reasoning-agent-eval-v3.1
2026-08-25T20:40:00+09:00,CMP-S02-L04-01,S02,S02-L04,1,running,173.2861,416.1953,111.9944,38.9598,-0.5499,A,relation-reasoning-agent-eval-v3.1
2026-08-25T20:40:00+09:00,CMP-S02-L05-01,S02,S02-L05,1,running,155.272,465.8651,97.9437,46.6915,1.1771,B,relation-reasoning-agent-eval-v3.1
2026-08-25T20:50:00+09:00,CMP-S02-L01-01,S02,S02-L01,1,running,169.7902,430.4302,114.9414,36.3537,-0.5133,A,relation-reasoning-agent-eval-v3.1
2026-08-25T20:50:00+09:00,CMP-S02-L02-01,S02,S02-L02,1,running,194.6962,503.3842,96.5295,39.3172,-0.1529,A,relation-reasoning-agent-eval-v3.1
2026-08-25T20:50:00+09:00,CMP-S02-L03-01,S02,S02-L03,1,running,205.089,451.7879,92.2569,42.1685,0.0973,A,relation-reasoning-agent-eval-v3.1
2026-08-25T20:50:00+09:00,CMP-S02-L04-01,S02,S02-L04,1,running,166.433,402.2462,105.862,39.0518,-0.5328,A,relation-reasoning-agent-eval-v3.1
2026-08-25T20:50:00+09:00,CMP-S02-L05-01,S02,S02-L05,1,running,166.635,483.8151,95.6769,38.4288,-0.353,A,relation-reasoning-agent-eval-v3.1
2026-08-25T21:00:00+09:00,CMP-S02-L01-01,S02,S02-L01,1,running,170.2311,463.4682,108.627,32.5956,-1.2093,B,relation-reasoning-agent-eval-v3.1
2026-08-25T21:00:00+09:00,CMP-S02-L02-01,S02,S02-L02,1,running,174.7424,544.7825,93.2451,41.1478,0.1861,A,relation-reasoning-agent-eval-v3.1
2026-08-25T21:00:00+09:00,CMP-S02-L03-01,S02,S02-L03,1,running,198.9494,391.2844,92.0027,42.769,0.2085,A,relation-reasoning-agent-eval-v3.1
2026-08-25T21:00:00+09:00,CMP-S02-L04-01,S02,S02-L04,1,running,177.1396,383.8027,107.1909,41.7258,-0.0377,A,relation-reasoning-agent-eval-v3.1
2026-08-25T21:00:00+09:00,CMP-S02-L05-01,S02,S02-L05,1,running,172.0815,498.5932,95.3032,38.5081,-0.3383,A,relation-reasoning-agent-eval-v3.1
2026-08-25T21:10:00+09:00,CMP-S02-L01-01,S02,S02-L01,1,running,166.5346,491.5102,109.8328,34.3577,-0.883,A,relation-reasoning-agent-eval-v3.1
2026-08-25T21:10:00+09:00,CMP-S02-L02-01,S02,S02-L02,1,running,175.521,512.9854,89.2912,41.1434,0.1853,A,relation-reasoning-agent-eval-v3.1
2026-08-25T21:10:00+09:00,CMP-S02-L03-01,S02,S02-L03,1,running,199.7703,408.4559,93.572,43.7872,0.3971,A,relation-reasoning-agent-eval-v3.1
2026-08-25T21:10:00+09:00,CMP-S02-L04-01,S02,S02-L04,1,running,151.8545,410.1916,102.9684,36.4772,-1.0096,B,relation-reasoning-agent-eval-v3.1
2026-08-25T21:10:00+09:00,CMP-S02-L05-01,S02,S02-L05,1,running,171.7899,488.5339,106.6028,38.1582,-0.4031,A,relation-reasoning-agent-eval-v3.1
2026-08-25T21:20:00+09:00,CMP-S02-L01-01,S02,S02-L01,1,running,179.9315,466.5577,101.8792,38.0356,-0.2019,A,relation-reasoning-agent-eval-v3.1
2026-08-25T21:20:00+09:00,CMP-S02-L02-01,S02,S02-L02,1,running,173.2497,514.5287,94.3914,41.5004,0.2514,A,relation-reasoning-agent-eval-v3.1
2026-08-25T21:20:00+09:00,CMP-S02-L03-01,S02,S02-L03,1,running,200.1919,396.4297,91.1365,46.21,0.8457,A,relation-reasoning-agent-eval-v3.1
2026-08-25T21:20:00+09:00,CMP-S02-L04-01,S02,S02-L04,1,running,165.818,438.0192,106.9545,35.8222,-1.1309,B,relation-reasoning-agent-eval-v3.1
2026-08-25T21:20:00+09:00,CMP-S02-L05-01,S02,S02-L05,1,running,165.4059,509.1967,98.293,36.064,-0.7909,A,relation-reasoning-agent-eval-v3.1
2026-08-25T21:30:00+09:00,CMP-S02-L01-01,S02,S02-L01,1,running,174.2111,453.3696,104.2092,36.8368,-0.4239,A,relation-reasoning-agent-eval-v3.1
2026-08-25T21:30:00+09:00,CMP-S02-L02-01,S02,S02-L02,1,running,168.4294,485.1983,99.1367,36.4108,-0.6911,A,relation-reasoning-agent-eval-v3.1
2026-08-25T21:30:00+09:00,CMP-S02-L03-01,S02,S02-L03,1,running,186.561,366.1687,100.0186,44.5026,0.5295,A,relation-reasoning-agent-eval-v3.1
2026-08-25T21:30:00+09:00,CMP-S02-L04-01,S02,S02-L04,1,running,190.4842,440.4003,106.4287,29.6106,-2.2812,C,relation-reasoning-agent-eval-v3.1
2026-08-25T21:30:00+09:00,CMP-S02-L05-01,S02,S02-L05,1,running,154.3891,504.0765,100.6242,39.2202,-0.2064,A,relation-reasoning-agent-eval-v3.1
2026-08-25T21:40:00+09:00,CMP-S02-L01-01,S02,S02-L01,1,running,171.2684,461.4277,109.4634,35.1547,-0.7354,A,relation-reasoning-agent-eval-v3.1
2026-08-25T21:40:00+09:00,CMP-S02-L02-01,S02,S02-L02,1,running,165.3405,493.4204,101.2937,39.8528,-0.0537,A,relation-reasoning-agent-eval-v3.1
2026-08-25T21:40:00+09:00,CMP-S02-L03-01,S02,S02-L03,1,running,185.2715,389.865,102.5275,43.3897,0.3234,A,relation-reasoning-agent-eval-v3.1
2026-08-25T21:40:00+09:00,CMP-S02-L04-01,S02,S02-L04,1,running,182.2375,411.4822,106.1892,36.788,-0.9521,A,relation-reasoning-agent-eval-v3.1
2026-08-25T21:40:00+09:00,CMP-S02-L05-01,S02,S02-L05,1,running,154.9791,478.8511,100.7946,36.7055,-0.6721,A,relation-reasoning-agent-eval-v3.1
2026-08-25T21:50:00+09:00,CMP-S02-L01-01,S02,S02-L01,1,running,177.6815,479.0868,107.379,36.0616,-0.5674,A,relation-reasoning-agent-eval-v3.1
2026-08-25T21:50:00+09:00,CMP-S02-L02-01,S02,S02-L02,1,running,156.6098,498.4623,105.6083,41.5231,0.2556,A,relation-reasoning-agent-eval-v3.1
2026-08-25T21:50:00+09:00,CMP-S02-L03-01,S02,S02-L03,1,running,177.1734,386.6205,106.8991,38.0946,-0.6571,A,relation-reasoning-agent-eval-v3.1
2026-08-25T21:50:00+09:00,CMP-S02-L04-01,S02,S02-L04,1,running,200.5687,421.3478,102.7762,35.085,-1.2674,B,relation-reasoning-agent-eval-v3.1
2026-08-25T21:50:00+09:00,CMP-S02-L05-01,S02,S02-L05,1,running,151.3611,498.7902,102.1409,41.7638,0.2646,A,relation-reasoning-agent-eval-v3.1
2026-08-25T22:00:00+09:00,CMP-S02-L01-01,S02,S02-L01,1,running,169.3438,474.4122,113.2685,36.8873,-0.4145,A,relation-reasoning-agent-eval-v3.1
2026-08-25T22:00:00+09:00,CMP-S02-L02-01,S02,S02-L02,1,running,176.1187,566.6687,108.1505,36.0704,-0.7541,A,relation-reasoning-agent-eval-v3.1
2026-08-25T22:00:00+09:00,CMP-S02-L03-01,S02,S02-L03,1,running,176.8704,384.0017,97.8542,32.9292,-1.6137,B,relation-reasoning-agent-eval-v3.1
2026-08-25T22:00:00+09:00,CMP-S02-L04-01,S02,S02-L04,1,running,191.6581,411.2623,101.5155,33.7555,-1.5136,B,relation-reasoning-agent-eval-v3.1
2026-08-25T22:00:00+09:00,CMP-S02-L05-01,S02,S02-L05,1,running,151.1251,470.6124,102.0661,40.7461,0.0761,A,relation-reasoning-agent-eval-v3.1
2026-08-25T22:10:00+09:00,CMP-S02-L01-01,S02,S02-L01,1,running,169.3268,475.3709,110.8272,48.2015,1.6807,B,relation-reasoning-agent-eval-v3.1
2026-08-25T22:10:00+09:00,CMP-S02-L02-01,S02,S02-L02,1,running,179.3675,493.9611,105.9918,35.9531,-0.7759,A,relation-reasoning-agent-eval-v3.1
2026-08-25T22:10:00+09:00,CMP-S02-L03-01,S02,S02-L03,1,running,175.2977,386.3163,100.4601,32.8702,-1.6246,B,relation-reasoning-agent-eval-v3.1
2026-08-25T22:10:00+09:00,CMP-S02-L04-01,S02,S02-L04,1,running,184.4973,433.9691,97.7211,32.8563,-1.6802,B,relation-reasoning-agent-eval-v3.1
2026-08-25T22:10:00+09:00,CMP-S02-L05-01,S02,S02-L05,1,running,135.1331,468.1274,99.4321,43.3702,0.5621,A,relation-reasoning-agent-eval-v3.1
2026-08-25T22:20:00+09:00,CMP-S02-L01-01,S02,S02-L01,1,running,166.3432,468.1808,114.9056,46.7674,1.4151,B,relation-reasoning-agent-eval-v3.1
2026-08-25T22:20:00+09:00,CMP-S02-L02-01,S02,S02-L02,1,running,175.2845,466.9685,105.319,30.6657,-1.755,B,relation-reasoning-agent-eval-v3.1
2026-08-25T22:20:00+09:00,CMP-S02-L03-01,S02,S02-L03,1,running,167.101,361.6922,92.1102,36.0893,-1.0285,B,relation-reasoning-agent-eval-v3.1
2026-08-25T22:20:00+09:00,CMP-S02-L04-01,S02,S02-L04,1,running,190.5776,406.0717,97.9695,37.7269,-0.7782,A,relation-reasoning-agent-eval-v3.1
2026-08-25T22:20:00+09:00,CMP-S02-L05-01,S02,S02-L05,1,running,128.8957,510.0898,94.0689,47.4364,1.3151,B,relation-reasoning-agent-eval-v3.1
2026-08-25T22:30:00+09:00,CMP-S02-L01-01,S02,S02-L01,1,running,155.9624,507.7468,109.5689,47.5356,1.5574,B,relation-reasoning-agent-eval-v3.1
2026-08-25T22:30:00+09:00,CMP-S02-L02-01,S02,S02-L02,1,running,168.0812,471.8449,101.3678,34.634,-1.0201,B,relation-reasoning-agent-eval-v3.1
2026-08-25T22:30:00+09:00,CMP-S02-L03-01,S02,S02-L03,1,running,161.9,372.8252,97.7929,42.8625,0.2258,A,relation-reasoning-agent-eval-v3.1
2026-08-25T22:30:00+09:00,CMP-S02-L04-01,S02,S02-L04,1,running,199.0339,482.2893,95.6464,39.1517,-0.5143,A,relation-reasoning-agent-eval-v3.1
2026-08-25T22:30:00+09:00,CMP-S02-L05-01,S02,S02-L05,1,running,135.0675,453.1594,93.9158,42.2078,0.3468,A,relation-reasoning-agent-eval-v3.1
2026-08-25T22:40:00+09:00,CMP-S02-L01-01,S02,S02-L01,1,running,145.1536,449.9829,110.4381,40.6061,0.2742,A,relation-reasoning-agent-eval-v3.1
2026-08-25T22:40:00+09:00,CMP-S02-L02-01,S02,S02-L02,1,running,155.802,457.8834,94.0189,37.6228,-0.4666,A,relation-reasoning-agent-eval-v3.1
2026-08-25T22:40:00+09:00,CMP-S02-L03-01,S02,S02-L03,1,running,166.4144,418.9476,94.4204,46.7154,0.9393,A,relation-reasoning-agent-eval-v3.1
2026-08-25T22:40:00+09:00,CMP-S02-L04-01,S02,S02-L04,1,running,189.1807,481.9,93.2694,36.6342,-0.9805,A,relation-reasoning-agent-eval-v3.1
2026-08-25T22:40:00+09:00,CMP-S02-L05-01,S02,S02-L05,1,running,150.492,413.3601,87.9484,44.0326,0.6847,A,relation-reasoning-agent-eval-v3.1
2026-08-25T22:50:00+09:00,CMP-S02-L01-01,S02,S02-L01,1,running,151.7184,465.6611,102.5454,38.3905,-0.1361,A,relation-reasoning-agent-eval-v3.1
2026-08-25T22:50:00+09:00,CMP-S02-L02-01,S02,S02-L02,1,running,146.2512,420.7525,95.8401,35.2208,-0.9115,A,relation-reasoning-agent-eval-v3.1
2026-08-25T22:50:00+09:00,CMP-S02-L03-01,S02,S02-L03,1,running,162.7553,433.2471,98.1451,43.8624,0.411,A,relation-reasoning-agent-eval-v3.1
2026-08-25T22:50:00+09:00,CMP-S02-L04-01,S02,S02-L04,1,running,178.8642,465.027,95.6431,47.5658,1.0438,B,relation-reasoning-agent-eval-v3.1
2026-08-25T22:50:00+09:00,CMP-S02-L05-01,S02,S02-L05,1,running,146.6773,402.0011,94.6742,41.8407,0.2788,A,relation-reasoning-agent-eval-v3.1
2026-08-25T23:00:00+09:00,CMP-S02-L01-01,S02,S02-L01,1,running,154.9428,482.9262,100.3329,38.127,-0.1849,A,relation-reasoning-agent-eval-v3.1
2026-08-25T23:00:00+09:00,CMP-S02-L02-01,S02,S02-L02,1,running,144.9104,442.4953,93.4958,43.1207,0.5515,A,relation-reasoning-agent-eval-v3.1
2026-08-25T23:00:00+09:00,CMP-S02-L03-01,S02,S02-L03,1,running,179.8829,451.8719,97.4607,45.6613,0.7441,A,relation-reasoning-agent-eval-v3.1
2026-08-25T23:00:00+09:00,CMP-S02-L04-01,S02,S02-L04,1,running,188.5866,468.7056,98.5836,45.0752,0.5826,A,relation-reasoning-agent-eval-v3.1
2026-08-25T23:00:00+09:00,CMP-S02-L05-01,S02,S02-L05,1,running,140.7751,396.7053,97.913,34.3161,-1.1146,B,relation-reasoning-agent-eval-v3.1
2026-08-25T23:10:00+09:00,CMP-S02-L01-01,S02,S02-L01,1,running,148.0275,468.883,99.4885,38.4382,-0.1273,A,relation-reasoning-agent-eval-v3.1
2026-08-25T23:10:00+09:00,CMP-S02-L02-01,S02,S02-L02,1,running,150.0369,427.8024,95.3948,44.8143,0.8651,A,relation-reasoning-agent-eval-v3.1
2026-08-25T23:10:00+09:00,CMP-S02-L03-01,S02,S02-L03,1,running,169.5063,441.9737,100.7458,38.3269,-0.6141,A,relation-reasoning-agent-eval-v3.1
2026-08-25T23:10:00+09:00,CMP-S02-L04-01,S02,S02-L04,1,running,177.8121,503.2648,94.8893,45.7151,0.7011,A,relation-reasoning-agent-eval-v3.1
2026-08-25T23:10:00+09:00,CMP-S02-L05-01,S02,S02-L05,1,running,139.5494,432.1412,96.6923,30.938,-1.7402,B,relation-reasoning-agent-eval-v3.1
2026-08-25T23:20:00+09:00,CMP-S02-L01-01,S02,S02-L01,1,running,150.2412,473.9116,99.0412,40.0004,0.162,A,relation-reasoning-agent-eval-v3.1
2026-08-25T23:20:00+09:00,CMP-S02-L02-01,S02,S02-L02,1,running,156.0822,437.9418,96.2124,46.2253,1.1264,B,relation-reasoning-agent-eval-v3.1
2026-08-25T23:20:00+09:00,CMP-S02-L03-01,S02,S02-L03,1,running,173.879,397.2949,104.2793,42.1537,0.0945,A,relation-reasoning-agent-eval-v3.1
2026-08-25T23:20:00+09:00,CMP-S02-L04-01,S02,S02-L04,1,running,191.447,538.7687,105.697,36.4657,-1.0117,B,relation-reasoning-agent-eval-v3.1
2026-08-25T23:20:00+09:00,CMP-S02-L05-01,S02,S02-L05,1,running,158.0717,439.4454,86.8754,40.4643,0.0239,A,relation-reasoning-agent-eval-v3.1
2026-08-25T23:30:00+09:00,CMP-S02-L01-01,S02,S02-L01,1,running,152.2062,501.9673,97.7601,45.1893,1.1229,B,relation-reasoning-agent-eval-v3.1
2026-08-25T23:30:00+09:00,CMP-S02-L02-01,S02,S02-L02,1,running,173.2587,439.1425,86.3016,44.0974,0.7324,A,relation-reasoning-agent-eval-v3.1
2026-08-25T23:30:00+09:00,CMP-S02-L03-01,S02,S02-L03,1,running,171.5818,417.1931,101.4098,38.2775,-0.6233,A,relation-reasoning-agent-eval-v3.1
2026-08-25T23:30:00+09:00,CMP-S02-L04-01,S02,S02-L04,1,running,177.4637,488.0394,104.834,36.1144,-1.0768,B,relation-reasoning-agent-eval-v3.1
2026-08-25T23:30:00+09:00,CMP-S02-L05-01,S02,S02-L05,1,running,160.8228,479.9371,96.7586,32.4111,-1.4674,B,relation-reasoning-agent-eval-v3.1
2026-08-25T23:40:00+09:00,CMP-S02-L01-01,S02,S02-L01,1,running,136.0874,504.8648,101.1693,49.5018,1.9215,B,relation-reasoning-agent-eval-v3.1
2026-08-25T23:40:00+09:00,CMP-S02-L02-01,S02,S02-L02,1,running,163.8975,455.3509,85.8082,40.2482,0.0195,A,relation-reasoning-agent-eval-v3.1
2026-08-25T23:40:00+09:00,CMP-S02-L03-01,S02,S02-L03,1,running,162.1999,436.4073,102.5969,47.6213,1.1071,B,relation-reasoning-agent-eval-v3.1
2026-08-25T23:40:00+09:00,CMP-S02-L04-01,S02,S02-L04,1,running,175.3023,555.983,95.245,36.1372,-1.0726,B,relation-reasoning-agent-eval-v3.1
2026-08-25T23:40:00+09:00,CMP-S02-L05-01,S02,S02-L05,1,running,168.9237,460.0071,92.1678,37.7915,-0.471,A,relation-reasoning-agent-eval-v3.1
2026-08-25T23:50:00+09:00,CMP-S02-L01-01,S02,S02-L01,1,running,149.0792,435.3186,108.3742,45.5666,1.1928,B,relation-reasoning-agent-eval-v3.1
2026-08-25T23:50:00+09:00,CMP-S02-L02-01,S02,S02-L02,1,running,167.674,430.8065,87.6415,38.9199,-0.2265,A,relation-reasoning-agent-eval-v3.1
2026-08-25T23:50:00+09:00,CMP-S02-L03-01,S02,S02-L03,1,running,166.6666,409.8785,106.328,42.9816,0.2478,A,relation-reasoning-agent-eval-v3.1
2026-08-25T23:50:00+09:00,CMP-S02-L04-01,S02,S02-L04,1,running,187.2832,531.337,101.227,34.6876,-1.341,B,relation-reasoning-agent-eval-v3.1
2026-08-25T23:50:00+09:00,CMP-S02-L05-01,S02,S02-L05,1,running,174.977,468.4568,101.7832,35.3886,-0.916,A,relation-reasoning-agent-eval-v3.1
2026-08-26T00:00:00+09:00,CMP-S02-L01-01,S02,S02-L01,1,running,158.5662,416.1748,109.0636,34.1011,-0.9305,A,relation-reasoning-agent-eval-v3.1
2026-08-26T00:00:00+09:00,CMP-S02-L02-01,S02,S02-L02,1,running,183.7609,409.3321,93.8909,41.3002,0.2144,A,relation-reasoning-agent-eval-v3.1
2026-08-26T00:00:00+09:00,CMP-S02-L03-01,S02,S02-L03,1,running,146.9111,416.5707,103.2926,48.7689,1.3196,B,relation-reasoning-agent-eval-v3.1
2026-08-26T00:00:00+09:00,CMP-S02-L04-01,S02,S02-L04,1,running,168.8925,531.69,99.0191,37.7999,-0.7647,A,relation-reasoning-agent-eval-v3.1
2026-08-26T00:00:00+09:00,CMP-S02-L05-01,S02,S02-L05,1,running,161.7144,520.1636,103.4146,32.1654,-1.5129,B,relation-reasoning-agent-eval-v3.1
2026-08-26T00:10:00+09:00,CMP-S02-L01-01,S02,S02-L01,1,running,176.9001,410.0023,109.1516,40.7664,0.3038,A,relation-reasoning-agent-eval-v3.1
2026-08-26T00:10:00+09:00,CMP-S02-L02-01,S02,S02-L02,1,running,171.0327,363.6798,94.7916,48.6784,1.5807,B,relation-reasoning-agent-eval-v3.1
2026-08-26T00:10:00+09:00,CMP-S02-L03-01,S02,S02-L03,1,running,147.0175,381.8596,100.6352,44.6103,0.5495,A,relation-reasoning-agent-eval-v3.1
2026-08-26T00:10:00+09:00,CMP-S02-L04-01,S02,S02-L04,1,running,164.9473,503.7056,99.5254,46.0769,0.7681,A,relation-reasoning-agent-eval-v3.1
2026-08-26T00:10:00+09:00,CMP-S02-L05-01,S02,S02-L05,1,running,174.7967,489.4538,98.08,30.9671,-1.7348,B,relation-reasoning-agent-eval-v3.1
2026-08-26T00:20:00+09:00,CMP-S02-L01-01,S02,S02-L01,1,running,173.0105,432.7445,102.2799,41.5343,0.446,A,relation-reasoning-agent-eval-v3.1
2026-08-26T00:20:00+09:00,CMP-S02-L02-01,S02,S02-L02,1,running,181.0498,433.3379,96.3508,52.0239,2.2002,C,relation-reasoning-agent-eval-v3.1
2026-08-26T00:20:00+09:00,CMP-S02-L03-01,S02,S02-L03,1,running,150.387,359.7355,94.3401,43.3365,0.3136,A,relation-reasoning-agent-eval-v3.1
2026-08-26T00:20:00+09:00,CMP-S02-L04-01,S02,S02-L04,1,running,160.3092,485.9193,105.1186,40.4464,-0.2746,A,relation-reasoning-agent-eval-v3.1
2026-08-26T00:20:00+09:00,CMP-S02-L05-01,S02,S02-L05,1,running,162.5002,481.4318,98.6797,36.5551,-0.7,A,relation-reasoning-agent-eval-v3.1
2026-08-26T00:30:00+09:00,CMP-S02-L01-01,S02,S02-L01,1,running,174.3317,417.0169,100.2761,33.1923,-1.0988,B,relation-reasoning-agent-eval-v3.1
2026-08-26T00:30:00+09:00,CMP-S02-L02-01,S02,S02-L02,1,running,177.0049,427.4993,96.2235,46.5923,1.1944,B,relation-reasoning-agent-eval-v3.1
2026-08-26T00:30:00+09:00,CMP-S02-L03-01,S02,S02-L03,1,running,165.7966,355.082,94.2014,44.8997,0.603,A,relation-reasoning-agent-eval-v3.1
2026-08-26T00:30:00+09:00,CMP-S02-L04-01,S02,S02-L04,1,running,163.9943,487.619,108.2873,35.8891,-1.1185,B,relation-reasoning-agent-eval-v3.1
2026-08-26T00:30:00+09:00,CMP-S02-L05-01,S02,S02-L05,1,running,176.1609,447.8915,101.3662,38.4427,-0.3504,A,relation-reasoning-agent-eval-v3.1
2026-08-26T00:40:00+09:00,CMP-S02-L01-01,S02,S02-L01,1,running,176.0984,421.733,95.2041,39.5374,0.0762,A,relation-reasoning-agent-eval-v3.1
2026-08-26T00:40:00+09:00,CMP-S02-L02-01,S02,S02-L02,1,running,181.6581,435.2124,94.4822,44.6784,0.8399,A,relation-reasoning-agent-eval-v3.1
2026-08-26T00:40:00+09:00,CMP-S02-L03-01,S02,S02-L03,1,running,168.0576,350.1951,91.8523,46.6532,0.9278,A,relation-reasoning-agent-eval-v3.1
2026-08-26T00:40:00+09:00,CMP-S02-L04-01,S02,S02-L04,1,running,179.517,500.8731,106.9449,42.8159,0.1642,A,relation-reasoning-agent-eval-v3.1
2026-08-26T00:40:00+09:00,CMP-S02-L05-01,S02,S02-L05,1,running,165.7779,490.304,101.8137,35.3174,-0.9292,A,relation-reasoning-agent-eval-v3.1
2026-08-26T00:50:00+09:00,CMP-S02-L01-01,S02,S02-L01,1,running,171.6618,486.3495,99.8519,41.7315,0.4826,A,relation-reasoning-agent-eval-v3.1
2026-08-26T00:50:00+09:00,CMP-S02-L02-01,S02,S02-L02,1,running,183.88,437.1526,93.941,47.5184,1.3659,B,relation-reasoning-agent-eval-v3.1
2026-08-26T00:50:00+09:00,CMP-S02-L03-01,S02,S02-L03,1,running,185.0629,385.4299,93.161,43.9829,0.4333,A,relation-reasoning-agent-eval-v3.1
2026-08-26T00:50:00+09:00,CMP-S02-L04-01,S02,S02-L04,1,running,168.1987,497.4751,107.6256,49.6183,1.4239,B,relation-reasoning-agent-eval-v3.1
2026-08-26T00:50:00+09:00,CMP-S02-L05-01,S02,S02-L05,1,running,152.4892,479.3058,100.7854,35.2388,-0.9437,A,relation-reasoning-agent-eval-v3.1
2026-08-26T01:00:00+09:00,CMP-S02-L01-01,S02,S02-L01,1,running,167.8909,422.4014,94.8016,38.0792,-0.1938,A,relation-reasoning-agent-eval-v3.1
2026-08-26T01:00:00+09:00,CMP-S02-L02-01,S02,S02-L02,1,running,170.8566,394.624,93.1324,41.4875,0.249,A,relation-reasoning-agent-eval-v3.1
2026-08-26T01:00:00+09:00,CMP-S02-L03-01,S02,S02-L03,1,running,187.3479,403.4709,98.1901,42.694,0.1946,A,relation-reasoning-agent-eval-v3.1
2026-08-26T01:00:00+09:00,CMP-S02-L04-01,S02,S02-L04,1,running,163.3037,467.4635,102.7083,51.7784,1.8239,B,relation-reasoning-agent-eval-v3.1
2026-08-26T01:00:00+09:00,CMP-S02-L05-01,S02,S02-L05,1,running,153.4864,487.0643,99.0301,34.8459,-1.0165,B,relation-reasoning-agent-eval-v3.1
2026-08-26T01:10:00+09:00,CMP-S02-L01-01,S02,S02-L01,1,running,159.8623,404.966,99.8697,36.1227,-0.5561,A,relation-reasoning-agent-eval-v3.1
2026-08-26T01:10:00+09:00,CMP-S02-L02-01,S02,S02-L02,1,running,177.4573,392.8264,85.2925,45.4071,0.9749,A,relation-reasoning-agent-eval-v3.1
2026-08-26T01:10:00+09:00,CMP-S02-L03-01,S02,S02-L03,1,running,182.1434,412.3548,104.9774,35.4119,-1.1539,B,relation-reasoning-agent-eval-v3.1
2026-08-26T01:10:00+09:00,CMP-S02-L04-01,S02,S02-L04,1,running,166.5378,428.5565,96.8543,50.5896,1.6038,B,relation-reasoning-agent-eval-v3.1
2026-08-26T01:10:00+09:00,CMP-S02-L05-01,S02,S02-L05,1,running,162.8343,461.9615,102.6218,33.5054,-1.2647,B,relation-reasoning-agent-eval-v3.1
2026-08-26T01:20:00+09:00,CMP-S02-L01-01,S02,S02-L01,1,running,155.0413,481.4718,101.5864,35.1331,-0.7394,A,relation-reasoning-agent-eval-v3.1
2026-08-26T01:20:00+09:00,CMP-S02-L02-01,S02,S02-L02,1,running,174.386,335.2689,90.7548,45.1471,0.9267,A,relation-reasoning-agent-eval-v3.1
2026-08-26T01:20:00+09:00,CMP-S02-L03-01,S02,S02-L03,1,running,178.4161,365.8316,98.5002,31.3456,-1.907,B,relation-reasoning-agent-eval-v3.1
2026-08-26T01:20:00+09:00,CMP-S02-L04-01,S02,S02-L04,1,running,171.7676,412.9972,96.5824,46.8126,0.9044,A,relation-reasoning-agent-eval-v3.1
2026-08-26T01:20:00+09:00,CMP-S02-L05-01,S02,S02-L05,1,running,164.5588,476.8838,102.5956,34.239,-1.1289,B,relation-reasoning-agent-eval-v3.1
2026-08-26T01:30:00+09:00,CMP-S02-L01-01,S02,S02-L01,1,running,159.8343,501.759,99.0909,34.4255,-0.8704,A,relation-reasoning-agent-eval-v3.1
2026-08-26T01:30:00+09:00,CMP-S02-L02-01,S02,S02-L02,1,running,186.5896,356.2521,85.1738,42.8062,0.4932,A,relation-reasoning-agent-eval-v3.1
2026-08-26T01:30:00+09:00,CMP-S02-L03-01,S02,S02-L03,1,running,195.2562,370.7078,98.713,38.4158,-0.5977,A,relation-reasoning-agent-eval-v3.1
2026-08-26T01:30:00+09:00,CMP-S02-L04-01,S02,S02-L04,1,running,165.5243,404.5666,95.1216,40.916,-0.1876,A,relation-reasoning-agent-eval-v3.1
2026-08-26T01:30:00+09:00,CMP-S02-L05-01,S02,S02-L05,1,running,147.2108,459.2659,102.5565,42.7716,0.4512,A,relation-reasoning-agent-eval-v3.1
2026-08-26T01:40:00+09:00,CMP-S02-L01-01,S02,S02-L01,1,running,162.3484,515.0634,95.2598,34.9987,-0.7643,A,relation-reasoning-agent-eval-v3.1
2026-08-26T01:40:00+09:00,CMP-S02-L02-01,S02,S02-L02,1,running,180.268,415.2194,88.2218,44.5078,0.8084,A,relation-reasoning-agent-eval-v3.1
2026-08-26T01:40:00+09:00,CMP-S02-L03-01,S02,S02-L03,1,running,193.8359,415.5086,95.2865,32.8396,-1.6303,B,relation-reasoning-agent-eval-v3.1
2026-08-26T01:40:00+09:00,CMP-S02-L04-01,S02,S02-L04,1,running,158.1175,428.2036,99.6041,41.266,-0.1228,A,relation-reasoning-agent-eval-v3.1
2026-08-26T01:40:00+09:00,CMP-S02-L05-01,S02,S02-L05,1,running,155.3922,457.1759,101.7013,44.6675,0.8023,A,relation-reasoning-agent-eval-v3.1
2026-08-26T01:50:00+09:00,CMP-S02-L01-01,S02,S02-L01,1,running,160.5617,501.2524,97.1843,30.5706,-1.5843,B,relation-reasoning-agent-eval-v3.1
2026-08-26T01:50:00+09:00,CMP-S02-L02-01,S02,S02-L02,1,running,168.5012,439.3422,91.1891,40.3041,0.0299,A,relation-reasoning-agent-eval-v3.1
2026-08-26T01:50:00+09:00,CMP-S02-L03-01,S02,S02-L03,1,running,190.8172,417.1191,101.1976,35.6238,-1.1147,B,relation-reasoning-agent-eval-v3.1
2026-08-26T01:50:00+09:00,CMP-S02-L04-01,S02,S02-L04,1,running,150.2835,443.7631,98.7541,41.9445,0.0029,A,relation-reasoning-agent-eval-v3.1
2026-08-26T01:50:00+09:00,CMP-S02-L05-01,S02,S02-L05,1,running,149.6811,457.6218,96.0448,42.6686,0.4321,A,relation-reasoning-agent-eval-v3.1
2026-08-26T02:00:00+09:00,CMP-S02-L01-01,S02,S02-L01,1,running,181.0336,502.6162,97.8969,33.88,-0.9714,A,relation-reasoning-agent-eval-v3.1
2026-08-26T02:00:00+09:00,CMP-S02-L02-01,S02,S02-L02,1,running,170.2581,441.0882,93.8413,41.5747,0.2652,A,relation-reasoning-agent-eval-v3.1
2026-08-26T02:00:00+09:00,CMP-S02-L03-01,S02,S02-L03,1,running,188.717,461.3653,97.3182,39.0031,-0.4889,A,relation-reasoning-agent-eval-v3.1
2026-08-26T02:00:00+09:00,CMP-S02-L04-01,S02,S02-L04,1,running,154.6505,484.3255,88.8165,44.6755,0.5086,A,relation-reasoning-agent-eval-v3.1
2026-08-26T02:00:00+09:00,CMP-S02-L05-01,S02,S02-L05,1,running,145.6424,494.0733,100.4364,40.7786,0.0822,A,relation-reasoning-agent-eval-v3.1
2026-08-26T02:10:00+09:00,CMP-S02-L01-01,S02,S02-L01,1,running,169.8465,489.5838,105.2617,35.7586,-0.6235,A,relation-reasoning-agent-eval-v3.1
2026-08-26T02:10:00+09:00,CMP-S02-L02-01,S02,S02-L02,1,running,163.5435,445.9673,93.2323,42.4136,0.4205,A,relation-reasoning-agent-eval-v3.1
2026-08-26T02:10:00+09:00,CMP-S02-L03-01,S02,S02-L03,1,running,162.3279,468.2167,91.6421,38.7476,-0.5362,A,relation-reasoning-agent-eval-v3.1
2026-08-26T02:10:00+09:00,CMP-S02-L04-01,S02,S02-L04,1,running,169.7538,492.3587,92.0747,42.2859,0.0661,A,relation-reasoning-agent-eval-v3.1
2026-08-26T02:10:00+09:00,CMP-S02-L05-01,S02,S02-L05,1,running,161.015,513.533,98.8051,41.9999,0.3083,A,relation-reasoning-agent-eval-v3.1
2026-08-26T02:20:00+09:00,CMP-S02-L01-01,S02,S02-L01,1,running,166.9253,497.3312,106.9608,32.3436,-1.2559,B,relation-reasoning-agent-eval-v3.1
2026-08-26T02:20:00+09:00,CMP-S02-L02-01,S02,S02-L02,1,running,181.6648,504.9417,94.7073,42.6692,0.4679,A,relation-reasoning-agent-eval-v3.1
2026-08-26T02:20:00+09:00,CMP-S02-L03-01,S02,S02-L03,1,running,172.7876,493.7585,92.5095,36.3579,-0.9788,A,relation-reasoning-agent-eval-v3.1
2026-08-26T02:20:00+09:00,CMP-S02-L04-01,S02,S02-L04,1,running,158.4859,480.7676,91.5948,39.9626,-0.3642,A,relation-reasoning-agent-eval-v3.1
2026-08-26T02:20:00+09:00,CMP-S02-L05-01,S02,S02-L05,1,running,152.7409,475.9161,102.3295,42.3355,0.3705,A,relation-reasoning-agent-eval-v3.1
2026-08-26T02:30:00+09:00,CMP-S02-L01-01,S02,S02-L01,1,running,163.3481,460.5453,107.6575,34.8959,-0.7833,A,relation-reasoning-agent-eval-v3.1
2026-08-26T02:30:00+09:00,CMP-S02-L02-01,S02,S02-L02,1,running,166.5357,527.7025,101.1368,46.4494,1.1679,B,relation-reasoning-agent-eval-v3.1
2026-08-26T02:30:00+09:00,CMP-S02-L03-01,S02,S02-L03,1,running,177.8964,462.0715,102.208,39.6348,-0.3719,A,relation-reasoning-agent-eval-v3.1
2026-08-26T02:30:00+09:00,CMP-S02-L04-01,S02,S02-L04,1,running,164.4092,471.0348,103.4735,40.6234,-0.2418,A,relation-reasoning-agent-eval-v3.1
2026-08-26T02:30:00+09:00,CMP-S02-L05-01,S02,S02-L05,1,running,165.224,460.4621,99.5784,40.0543,-0.052,A,relation-reasoning-agent-eval-v3.1
2026-08-26T02:40:00+09:00,CMP-S02-L01-01,S02,S02-L01,1,running,157.7573,452.1286,110.6881,36.4805,-0.4898,A,relation-reasoning-agent-eval-v3.1
2026-08-26T02:40:00+09:00,CMP-S02-L02-01,S02,S02-L02,1,running,173.8193,509.918,102.1494,40.0968,-0.0085,A,relation-reasoning-agent-eval-v3.1
2026-08-26T02:40:00+09:00,CMP-S02-L03-01,S02,S02-L03,1,running,172.0881,489.8364,100.6122,38.7369,-0.5382,A,relation-reasoning-agent-eval-v3.1
2026-08-26T02:40:00+09:00,CMP-S02-L04-01,S02,S02-L04,1,running,172.5913,514.7672,97.0511,41.6154,-0.0581,A,relation-reasoning-agent-eval-v3.1
2026-08-26T02:40:00+09:00,CMP-S02-L05-01,S02,S02-L05,1,running,167.2599,458.3033,104.9992,42.8503,0.4658,A,relation-reasoning-agent-eval-v3.1
2026-08-26T02:50:00+09:00,CMP-S02-L01-01,S02,S02-L01,1,running,159.913,458.9223,110.1557,36.1394,-0.553,A,relation-reasoning-agent-eval-v3.1
2026-08-26T02:50:00+09:00,CMP-S02-L02-01,S02,S02-L02,1,running,177.1042,504.2919,104.4177,39.8793,-0.0488,A,relation-reasoning-agent-eval-v3.1
2026-08-26T02:50:00+09:00,CMP-S02-L03-01,S02,S02-L03,1,running,158.1572,441.4296,96.5574,36.4124,-0.9687,A,relation-reasoning-agent-eval-v3.1
2026-08-26T02:50:00+09:00,CMP-S02-L04-01,S02,S02-L04,1,running,178.2247,544.8961,104.1625,38.878,-0.565,A,relation-reasoning-agent-eval-v3.1
2026-08-26T02:50:00+09:00,CMP-S02-L05-01,S02,S02-L05,1,running,167.8464,483.0656,97.9895,38.4854,-0.3425,A,relation-reasoning-agent-eval-v3.1
2026-08-26T03:00:00+09:00,CMP-S02-L01-01,S02,S02-L01,1,running,154.0835,485.1248,105.0382,32.859,-1.1605,B,relation-reasoning-agent-eval-v3.1
2026-08-26T03:00:00+09:00,CMP-S02-L02-01,S02,S02-L02,1,running,178.3569,453.9152,108.288,45.9919,1.0832,B,relation-reasoning-agent-eval-v3.1
2026-08-26T03:00:00+09:00,CMP-S02-L03-01,S02,S02-L03,1,running,160.8793,442.583,96.2612,41.3936,-0.0462,A,relation-reasoning-agent-eval-v3.1
2026-08-26T03:00:00+09:00,CMP-S02-L04-01,S02,S02-L04,1,running,183.475,541.9669,99.1451,31.5251,-1.9267,B,relation-reasoning-agent-eval-v3.1
2026-08-26T03:00:00+09:00,CMP-S02-L05-01,S02,S02-L05,1,running,166.6171,450.434,96.9916,33.0715,-1.3451,B,relation-reasoning-agent-eval-v3.1
2026-08-26T03:10:00+09:00,CMP-S02-L01-01,S02,S02-L01,1,running,158.9709,488.7791,103.6139,32.1704,-1.288,B,relation-reasoning-agent-eval-v3.1
2026-08-26T03:10:00+09:00,CMP-S02-L02-01,S02,S02-L02,1,running,178.2967,466.3511,107.416,48.1594,1.4846,B,relation-reasoning-agent-eval-v3.1
2026-08-26T03:10:00+09:00,CMP-S02-L03-01,S02,S02-L03,1,running,180.1379,420.5787,90.4976,43.3102,0.3087,A,relation-reasoning-agent-eval-v3.1
2026-08-26T03:10:00+09:00,CMP-S02-L04-01,S02,S02-L04,1,running,176.4932,509.412,95.9192,25.3061,-3.0783,D,relation-reasoning-agent-eval-v3.1
2026-08-26T03:10:00+09:00,CMP-S02-L05-01,S02,S02-L05,1,running,173.3252,441.3715,94.5937,36.2378,-0.7587,A,relation-reasoning-agent-eval-v3.1
2026-08-26T03:20:00+09:00,CMP-S02-L01-01,S02,S02-L01,1,running,155.945,492.0848,102.0652,33.6206,-1.0194,B,relation-reasoning-agent-eval-v3.1
2026-08-26T03:20:00+09:00,CMP-S02-L02-01,S02,S02-L02,1,running,180.2595,482.8829,108.1076,42.0322,0.3499,A,relation-reasoning-agent-eval-v3.1
2026-08-26T03:20:00+09:00,CMP-S02-L03-01,S02,S02-L03,1,running,167.2866,418.7019,96.4932,45.3908,0.694,A,relation-reasoning-agent-eval-v3.1
2026-08-26T03:20:00+09:00,CMP-S02-L04-01,S02,S02-L04,1,running,179.914,439.9472,105.3241,25.5179,-3.0391,D,relation-reasoning-agent-eval-v3.1
2026-08-26T03:20:00+09:00,CMP-S02-L05-01,S02,S02-L05,1,running,171.7108,436.6731,99.7561,38.2952,-0.3777,A,relation-reasoning-agent-eval-v3.1
2026-08-26T03:30:00+09:00,CMP-S02-L01-01,S02,S02-L01,1,running,164.9357,500.7723,104.9214,29.1552,-1.8464,B,relation-reasoning-agent-eval-v3.1
2026-08-26T03:30:00+09:00,CMP-S02-L02-01,S02,S02-L02,1,running,167.0654,504.0603,110.4951,39.2963,-0.1567,A,relation-reasoning-agent-eval-v3.1
2026-08-26T03:30:00+09:00,CMP-S02-L03-01,S02,S02-L03,1,running,174.3435,400.381,92.1491,41.3383,-0.0565,A,relation-reasoning-agent-eval-v3.1
2026-08-26T03:30:00+09:00,CMP-S02-L04-01,S02,S02-L04,1,running,189.9862,457.4416,101.9147,28.7154,-2.447,C,relation-reasoning-agent-eval-v3.1
2026-08-26T03:30:00+09:00,CMP-S02-L05-01,S02,S02-L05,1,running,166.49,466.2435,99.3208,35.6305,-0.8712,A,relation-reasoning-agent-eval-v3.1
2026-08-26T03:40:00+09:00,CMP-S02-L01-01,S02,S02-L01,1,running,163.942,569.9933,104.795,31.6299,-1.3881,B,relation-reasoning-agent-eval-v3.1
2026-08-26T03:40:00+09:00,CMP-S02-L02-01,S02,S02-L02,1,running,163.733,468.8652,106.2705,41.0556,0.1691,A,relation-reasoning-agent-eval-v3.1
2026-08-26T03:40:00+09:00,CMP-S02-L03-01,S02,S02-L03,1,running,174.704,423.2811,92.1665,41.717,0.0137,A,relation-reasoning-agent-eval-v3.1
2026-08-26T03:40:00+09:00,CMP-S02-L04-01,S02,S02-L04,1,running,185.5082,465.2514,109.3177,31.5318,-1.9254,B,relation-reasoning-agent-eval-v3.1
2026-08-26T03:40:00+09:00,CMP-S02-L05-01,S02,S02-L05,1,running,146.36,444.3571,98.6446,44.254,0.7257,A,relation-reasoning-agent-eval-v3.1
2026-08-26T03:50:00+09:00,CMP-S02-L01-01,S02,S02-L01,1,running,176.0418,507.4024,102.3283,35.2438,-0.7189,A,relation-reasoning-agent-eval-v3.1
2026-08-26T03:50:00+09:00,CMP-S02-L02-01,S02,S02-L02,1,running,157.6568,473.7981,103.6036,42.3531,0.4093,A,relation-reasoning-agent-eval-v3.1
2026-08-26T03:50:00+09:00,CMP-S02-L03-01,S02,S02-L03,1,running,182.3136,483.7495,88.7982,40.5626,-0.2001,A,relation-reasoning-agent-eval-v3.1
2026-08-26T03:50:00+09:00,CMP-S02-L04-01,S02,S02-L04,1,running,190.004,455.1057,103.1464,33.4477,-1.5706,B,relation-reasoning-agent-eval-v3.1
2026-08-26T03:50:00+09:00,CMP-S02-L05-01,S02,S02-L05,1,running,156.811,454.1276,97.2817,44.9867,0.8614,A,relation-reasoning-agent-eval-v3.1
2026-08-26T04:00:00+09:00,CMP-S02-L01-01,S02,S02-L01,1,running,183.1284,477.3146,92.843,43.5743,0.8238,A,relation-reasoning-agent-eval-v3.1
2026-08-26T04:00:00+09:00,CMP-S02-L02-01,S02,S02-L02,1,running,156.5507,453.2102,100.8641,40.497,0.0656,A,relation-reasoning-agent-eval-v3.1
2026-08-26T04:00:00+09:00,CMP-S02-L03-01,S02,S02-L03,1,running,188.0425,491.4277,90.3639,42.3113,0.1237,A,relation-reasoning-agent-eval-v3.1
2026-08-26T04:00:00+09:00,CMP-S02-L04-01,S02,S02-L04,1,running,189.2704,447.2694,104.6933,38.9017,-0.5606,A,relation-reasoning-agent-eval-v3.1
2026-08-26T04:00:00+09:00,CMP-S02-L05-01,S02,S02-L05,1,running,178.3065,435.9835,91.1186,49.5197,1.7009,B,relation-reasoning-agent-eval-v3.1
2026-08-26T04:10:00+09:00,CMP-S02-L01-01,S02,S02-L01,1,running,178.1827,520.2697,95.6382,43.5856,0.8259,A,relation-reasoning-agent-eval-v3.1
2026-08-26T04:10:00+09:00,CMP-S02-L02-01,S02,S02-L02,1,running,141.011,455.2321,108.1914,35.7456,-0.8143,A,relation-reasoning-agent-eval-v3.1
2026-08-26T04:10:00+09:00,CMP-S02-L03-01,S02,S02-L03,1,running,208.8883,519.8442,94.7149,48.6368,1.2951,B,relation-reasoning-agent-eval-v3.1
2026-08-26T04:10:00+09:00,CMP-S02-L04-01,S02,S02-L04,1,running,166.6882,449.5976,109.1369,42.6926,0.1414,A,relation-reasoning-agent-eval-v3.1
2026-08-26T04:10:00+09:00,CMP-S02-L05-01,S02,S02-L05,1,running,182.9079,437.3725,85.7569,47.0324,1.2403,B,relation-reasoning-agent-eval-v3.1
2026-08-26T04:20:00+09:00,CMP-S02-L01-01,S02,S02-L01,1,running,186.8667,536.8946,89.5764,42.2348,0.5758,A,relation-reasoning-agent-eval-v3.1
2026-08-26T04:20:00+09:00,CMP-S02-L02-01,S02,S02-L02,1,running,149.426,489.3925,97.8232,32.8044,-1.3589,B,relation-reasoning-agent-eval-v3.1
2026-08-26T04:20:00+09:00,CMP-S02-L03-01,S02,S02-L03,1,running,204.0208,490.3108,96.0791,50.2388,1.5918,B,relation-reasoning-agent-eval-v3.1
2026-08-26T04:20:00+09:00,CMP-S02-L04-01,S02,S02-L04,1,running,177.2772,445.6875,103.1801,45.6675,0.6923,A,relation-reasoning-agent-eval-v3.1
2026-08-26T04:20:00+09:00,CMP-S02-L05-01,S02,S02-L05,1,running,168.7927,463.2433,92.7221,44.1648,0.7092,A,relation-reasoning-agent-eval-v3.1
2026-08-26T04:30:00+09:00,CMP-S02-L01-01,S02,S02-L01,1,running,166.8191,489.2917,90.6287,39.2632,0.0255,A,relation-reasoning-agent-eval-v3.1
2026-08-26T04:30:00+09:00,CMP-S02-L02-01,S02,S02-L02,1,running,169.9664,504.3699,101.4563,31.3013,-1.6373,B,relation-reasoning-agent-eval-v3.1
2026-08-26T04:30:00+09:00,CMP-S02-L03-01,S02,S02-L03,1,running,196.2986,452.4775,97.1074,47.2514,1.0386,B,relation-reasoning-agent-eval-v3.1
2026-08-26T04:30:00+09:00,CMP-S02-L04-01,S02,S02-L04,1,running,180.8435,456.4854,101.407,45.7257,0.7031,A,relation-reasoning-agent-eval-v3.1
2026-08-26T04:30:00+09:00,CMP-S02-L05-01,S02,S02-L05,1,running,176.098,424.1031,92.7227,38.837,-0.2774,A,relation-reasoning-agent-eval-v3.1
2026-08-26T04:40:00+09:00,CMP-S02-L01-01,S02,S02-L01,1,running,170.8474,507.7312,93.4966,40.9142,0.3312,A,relation-reasoning-agent-eval-v3.1
2026-08-26T04:40:00+09:00,CMP-S02-L02-01,S02,S02-L02,1,running,157.9234,476.5246,97.6595,34.0381,-1.1305,B,relation-reasoning-agent-eval-v3.1
2026-08-26T04:40:00+09:00,CMP-S02-L03-01,S02,S02-L03,1,running,203.0355,451.47,105.1672,39.7497,-0.3506,A,relation-reasoning-agent-eval-v3.1
2026-08-26T04:40:00+09:00,CMP-S02-L04-01,S02,S02-L04,1,running,179.3853,506.7915,102.251,42.6298,0.1298,A,relation-reasoning-agent-eval-v3.1
2026-08-26T04:40:00+09:00,CMP-S02-L05-01,S02,S02-L05,1,running,178.7241,455.8294,94.2093,38.7494,-0.2936,A,relation-reasoning-agent-eval-v3.1
2026-08-26T04:50:00+09:00,CMP-S02-L01-01,S02,S02-L01,1,running,171.3318,505.5022,94.5793,41.6828,0.4735,A,relation-reasoning-agent-eval-v3.1
2026-08-26T04:50:00+09:00,CMP-S02-L02-01,S02,S02-L02,1,running,172.2081,469.8342,103.8636,35.35,-0.8875,A,relation-reasoning-agent-eval-v3.1
2026-08-26T04:50:00+09:00,CMP-S02-L03-01,S02,S02-L03,1,running,214.9005,439.2891,99.847,42.4364,0.1469,A,relation-reasoning-agent-eval-v3.1
2026-08-26T04:50:00+09:00,CMP-S02-L04-01,S02,S02-L04,1,running,163.4711,546.246,105.5216,40.0547,-0.3471,A,relation-reasoning-agent-eval-v3.1
2026-08-26T04:50:00+09:00,CMP-S02-L05-01,S02,S02-L05,1,running,169.5978,437.377,101.7942,39.4448,-0.1649,A,relation-reasoning-agent-eval-v3.1
2026-08-26T05:00:00+09:00,CMP-S02-L01-01,S02,S02-L01,1,running,193.6413,449.0079,99.5916,36.3564,-0.5128,A,relation-reasoning-agent-eval-v3.1
2026-08-26T05:00:00+09:00,CMP-S02-L02-01,S02,S02-L02,1,running,170.8238,504.3843,103.7319,41.5412,0.259,A,relation-reasoning-agent-eval-v3.1
2026-08-26T05:00:00+09:00,CMP-S02-L03-01,S02,S02-L03,1,running,230.2632,469.4609,106.3475,40.0293,-0.2989,A,relation-reasoning-agent-eval-v3.1
2026-08-26T05:00:00+09:00,CMP-S02-L04-01,S02,S02-L04,1,running,160.2157,503.7038,111.1099,43.011,0.2003,A,relation-reasoning-agent-eval-v3.1
2026-08-26T05:00:00+09:00,CMP-S02-L05-01,S02,S02-L05,1,running,163.8634,453.975,93.6313,37.8099,-0.4676,A,relation-reasoning-agent-eval-v3.1
2026-08-26T05:10:00+09:00,CMP-S02-L01-01,S02,S02-L01,1,running,195.6862,471.3627,93.2235,41.9242,0.5183,A,relation-reasoning-agent-eval-v3.1
2026-08-26T05:10:00+09:00,CMP-S02-L02-01,S02,S02-L02,1,running,157.455,495.6125,95.4162,41.8127,0.3093,A,relation-reasoning-agent-eval-v3.1
2026-08-26T05:10:00+09:00,CMP-S02-L03-01,S02,S02-L03,1,running,211.1017,479.9922,105.0955,37.9148,-0.6904,A,relation-reasoning-agent-eval-v3.1
2026-08-26T05:10:00+09:00,CMP-S02-L04-01,S02,S02-L04,1,running,165.9002,491.2649,110.2975,48.0599,1.1353,B,relation-reasoning-agent-eval-v3.1
2026-08-26T05:10:00+09:00,CMP-S02-L05-01,S02,S02-L05,1,running,149.4156,427.9863,95.2258,34.5646,-1.0686,B,relation-reasoning-agent-eval-v3.1
2026-08-26T05:20:00+09:00,CMP-S02-L01-01,S02,S02-L01,1,running,187.0024,501.0552,93.3925,41.5217,0.4437,A,relation-reasoning-agent-eval-v3.1
2026-08-26T05:20:00+09:00,CMP-S02-L02-01,S02,S02-L02,1,running,163.2486,456.4973,100.5796,41.82,0.3106,A,relation-reasoning-agent-eval-v3.1
2026-08-26T05:20:00+09:00,CMP-S02-L03-01,S02,S02-L03,1,running,198.8695,440.1361,95.981,38.453,-0.5908,A,relation-reasoning-agent-eval-v3.1
2026-08-26T05:20:00+09:00,CMP-S02-L04-01,S02,S02-L04,1,running,145.5234,485.7204,105.2152,46.9778,0.9349,A,relation-reasoning-agent-eval-v3.1
2026-08-26T05:20:00+09:00,CMP-S02-L05-01,S02,S02-L05,1,running,153.203,430.4184,92.5698,29.1457,-2.0721,C,relation-reasoning-agent-eval-v3.1
2026-08-26T05:30:00+09:00,CMP-S02-L01-01,S02,S02-L01,1,running,172.5683,481.0371,96.5165,35.0827,-0.7487,A,relation-reasoning-agent-eval-v3.1
2026-08-26T05:30:00+09:00,CMP-S02-L02-01,S02,S02-L02,1,running,148.0666,477.1602,96.11,45.0655,0.9116,A,relation-reasoning-agent-eval-v3.1
2026-08-26T05:30:00+09:00,CMP-S02-L03-01,S02,S02-L03,1,running,193.8883,387.5215,101.9516,43.9662,0.4302,A,relation-reasoning-agent-eval-v3.1
2026-08-26T05:30:00+09:00,CMP-S02-L04-01,S02,S02-L04,1,running,147.5994,440.9232,99.5257,44.7777,0.5275,A,relation-reasoning-agent-eval-v3.1
2026-08-26T05:30:00+09:00,CMP-S02-L05-01,S02,S02-L05,1,running,169.8397,433.8672,92.4755,30.0052,-1.9129,B,relation-reasoning-agent-eval-v3.1
2026-08-26T05:40:00+09:00,CMP-S02-L01-01,S02,S02-L01,1,running,169.756,500.2594,93.7182,33.7497,-0.9956,A,relation-reasoning-agent-eval-v3.1
2026-08-26T05:40:00+09:00,CMP-S02-L02-01,S02,S02-L02,1,running,159.7486,477.5445,102.8123,39.0031,-0.211,A,relation-reasoning-agent-eval-v3.1
2026-08-26T05:40:00+09:00,CMP-S02-L03-01,S02,S02-L03,1,running,183.7037,431.0276,97.4007,44.8853,0.6004,A,relation-reasoning-agent-eval-v3.1
2026-08-26T05:40:00+09:00,CMP-S02-L04-01,S02,S02-L04,1,running,157.4867,441.6893,99.1875,49.7487,1.4481,B,relation-reasoning-agent-eval-v3.1
2026-08-26T05:40:00+09:00,CMP-S02-L05-01,S02,S02-L05,1,running,176.9199,470.3368,88.381,33.5131,-1.2633,B,relation-reasoning-agent-eval-v3.1
2026-08-26T05:50:00+09:00,CMP-S02-L01-01,S02,S02-L01,1,running,179.1163,466.4758,88.244,39.7696,0.1192,A,relation-reasoning-agent-eval-v3.1
2026-08-26T05:50:00+09:00,CMP-S02-L02-01,S02,S02-L02,1,running,168.4693,518.7218,108.3795,36.9006,-0.6004,A,relation-reasoning-agent-eval-v3.1
2026-08-26T05:50:00+09:00,CMP-S02-L03-01,S02,S02-L03,1,running,181.7598,431.4624,92.6251,43.8676,0.4119,A,relation-reasoning-agent-eval-v3.1
2026-08-26T05:50:00+09:00,CMP-S02-L04-01,S02,S02-L04,1,running,165.0414,397.1463,100.6948,43.5037,0.2916,A,relation-reasoning-agent-eval-v3.1
2026-08-26T05:50:00+09:00,CMP-S02-L05-01,S02,S02-L05,1,running,161.4604,453.0197,89.8954,30.1843,-1.8798,B,relation-reasoning-agent-eval-v3.1
2026-08-26T06:00:00+09:00,CMP-S02-L01-01,S02,S02-L01,1,running,164.4384,450.6139,90.3221,33.2945,-1.0798,B,relation-reasoning-agent-eval-v3.1
2026-08-26T06:00:00+09:00,CMP-S02-L02-01,S02,S02-L02,1,running,170.3326,499.8592,106.1943,34.3435,-1.0739,B,relation-reasoning-agent-eval-v3.1
2026-08-26T06:00:00+09:00,CMP-S02-L03-01,S02,S02-L03,1,running,182.1429,447.4339,97.3053,42.2661,0.1154,A,relation-reasoning-agent-eval-v3.1
2026-08-26T06:00:00+09:00,CMP-S02-L04-01,S02,S02-L04,1,running,179.3861,406.3982,98.1331,40.1579,-0.328,A,relation-reasoning-agent-eval-v3.1
2026-08-26T06:00:00+09:00,CMP-S02-L05-01,S02,S02-L05,1,running,162.8009,461.6269,100.955,36.3257,-0.7425,A,relation-reasoning-agent-eval-v3.1
2026-08-26T06:10:00+09:00,CMP-S02-L01-01,S02,S02-L01,1,running,177.9646,462.4089,90.3197,35.2662,-0.7147,A,relation-reasoning-agent-eval-v3.1
2026-08-26T06:10:00+09:00,CMP-S02-L02-01,S02,S02-L02,1,running,165.8014,474.247,103.2056,36.8797,-0.6043,A,relation-reasoning-agent-eval-v3.1
2026-08-26T06:10:00+09:00,CMP-S02-L03-01,S02,S02-L03,1,running,183.4016,432.0872,93.28,40.9084,-0.1361,A,relation-reasoning-agent-eval-v3.1
2026-08-26T06:10:00+09:00,CMP-S02-L04-01,S02,S02-L04,1,running,166.9625,421.2873,101.8529,42.8487,0.1703,A,relation-reasoning-agent-eval-v3.1
2026-08-26T06:10:00+09:00,CMP-S02-L05-01,S02,S02-L05,1,running,160.1401,466.1119,92.486,41.7915,0.2697,A,relation-reasoning-agent-eval-v3.1
2026-08-26T06:20:00+09:00,CMP-S02-L01-01,S02,S02-L01,1,running,168.2832,453.5381,85.7737,31.3273,-1.4441,B,relation-reasoning-agent-eval-v3.1
2026-08-26T06:20:00+09:00,CMP-S02-L02-01,S02,S02-L02,1,running,180.2345,474.6522,95.789,36.2006,-0.73,A,relation-reasoning-agent-eval-v3.1
2026-08-26T06:20:00+09:00,CMP-S02-L03-01,S02,S02-L03,1,running,180.5069,421.8564,88.4153,37.4172,-0.7826,A,relation-reasoning-agent-eval-v3.1
2026-08-26T06:20:00+09:00,CMP-S02-L04-01,S02,S02-L04,1,running,174.0597,396.9226,96.7766,42.726,0.1476,A,relation-reasoning-agent-eval-v3.1
2026-08-26T06:20:00+09:00,CMP-S02-L05-01,S02,S02-L05,1,running,146.8381,443.2245,91.1253,45.0567,0.8744,A,relation-reasoning-agent-eval-v3.1
2026-08-26T06:30:00+09:00,CMP-S02-L01-01,S02,S02-L01,1,running,168.5418,399.8394,89.5847,32.0986,-1.3013,B,relation-reasoning-agent-eval-v3.1
2026-08-26T06:30:00+09:00,CMP-S02-L02-01,S02,S02-L02,1,running,192.6564,486.5905,100.1003,31.1974,-1.6565,B,relation-reasoning-agent-eval-v3.1
2026-08-26T06:30:00+09:00,CMP-S02-L03-01,S02,S02-L03,1,running,184.7852,421.9071,88.6549,42.3028,0.1222,A,relation-reasoning-agent-eval-v3.1
2026-08-26T06:30:00+09:00,CMP-S02-L04-01,S02,S02-L04,1,running,169.4582,439.3157,105.6121,42.9252,0.1844,A,relation-reasoning-agent-eval-v3.1
2026-08-26T06:30:00+09:00,CMP-S02-L05-01,S02,S02-L05,1,running,164.5937,447.1185,93.5219,42.695,0.437,A,relation-reasoning-agent-eval-v3.1
2026-08-26T06:40:00+09:00,CMP-S02-L01-01,S02,S02-L01,1,running,159.5007,400.4129,92.1614,31.4568,-1.4202,B,relation-reasoning-agent-eval-v3.1
2026-08-26T06:40:00+09:00,CMP-S02-L02-01,S02,S02-L02,1,running,182.7116,453.3073,101.4436,32.8147,-1.357,B,relation-reasoning-agent-eval-v3.1
2026-08-26T06:40:00+09:00,CMP-S02-L03-01,S02,S02-L03,1,running,186.9392,422.097,93.6122,38.1416,-0.6484,A,relation-reasoning-agent-eval-v3.1
2026-08-26T06:40:00+09:00,CMP-S02-L04-01,S02,S02-L04,1,running,178.393,435.5274,103.6986,41.415,-0.0952,A,relation-reasoning-agent-eval-v3.1
2026-08-26T06:40:00+09:00,CMP-S02-L05-01,S02,S02-L05,1,running,155.2126,477.6218,103.8541,44.1451,0.7056,A,relation-reasoning-agent-eval-v3.1
2026-08-26T06:50:00+09:00,CMP-S02-L01-01,S02,S02-L01,1,running,143.8642,440.792,93.8798,31.6315,-1.3878,B,relation-reasoning-agent-eval-v3.1
2026-08-26T06:50:00+09:00,CMP-S02-L02-01,S02,S02-L02,1,running,182.4258,381.9601,101.6807,30.8185,-1.7267,B,relation-reasoning-agent-eval-v3.1
2026-08-26T06:50:00+09:00,CMP-S02-L03-01,S02,S02-L03,1,running,190.0959,441.4407,81.4165,35.7082,-1.0991,B,relation-reasoning-agent-eval-v3.1
2026-08-26T06:50:00+09:00,CMP-S02-L04-01,S02,S02-L04,1,running,168.5519,460.0646,104.9109,37.8517,-0.7551,A,relation-reasoning-agent-eval-v3.1
2026-08-26T06:50:00+09:00,CMP-S02-L05-01,S02,S02-L05,1,running,160.1705,505.411,98.7283,48.1084,1.4395,B,relation-reasoning-agent-eval-v3.1
2026-08-26T07:00:00+09:00,CMP-S02-L01-01,S02,S02-L01,1,running,167.3098,423.6235,97.7105,31.9261,-1.3333,B,relation-reasoning-agent-eval-v3.1
2026-08-26T07:00:00+09:00,CMP-S02-L02-01,S02,S02-L02,1,running,185.2764,465.408,102.7323,31.0999,-1.6746,B,relation-reasoning-agent-eval-v3.1
2026-08-26T07:00:00+09:00,CMP-S02-L03-01,S02,S02-L03,1,running,192.4491,409.2662,84.2679,38.054,-0.6647,A,relation-reasoning-agent-eval-v3.1
2026-08-26T07:00:00+09:00,CMP-S02-L04-01,S02,S02-L04,1,running,171.7847,443.338,103.3104,43.2678,0.2479,A,relation-reasoning-agent-eval-v3.1
2026-08-26T07:00:00+09:00,CMP-S02-L05-01,S02,S02-L05,1,running,168.8711,554.8781,100.9311,48.9754,1.6001,B,relation-reasoning-agent-eval-v3.1
2026-08-26T07:10:00+09:00,CMP-S02-L01-01,S02,S02-L01,1,running,163.0349,452.4844,95.9182,38.2692,-0.1586,A,relation-reasoning-agent-eval-v3.1
2026-08-26T07:10:00+09:00,CMP-S02-L02-01,S02,S02-L02,1,running,180.9199,452.6301,102.3916,30.9131,-1.7092,B,relation-reasoning-agent-eval-v3.1
2026-08-26T07:10:00+09:00,CMP-S02-L03-01,S02,S02-L03,1,running,181.0403,432.2589,87.0211,41.8589,0.0399,A,relation-reasoning-agent-eval-v3.1
2026-08-26T07:10:00+09:00,CMP-S02-L04-01,S02,S02-L04,1,running,155.3359,469.0841,106.3242,44.5268,0.481,A,relation-reasoning-agent-eval-v3.1
2026-08-26T07:10:00+09:00,CMP-S02-L05-01,S02,S02-L05,1,running,175.6804,504.1354,95.8416,45.2209,0.9048,A,relation-reasoning-agent-eval-v3.1
2026-08-26T07:20:00+09:00,CMP-S02-L01-01,S02,S02-L01,1,running,163.7425,429.7301,101.7817,37.6689,-0.2698,A,relation-reasoning-agent-eval-v3.1
2026-08-26T07:20:00+09:00,CMP-S02-L02-01,S02,S02-L02,1,running,172.8863,423.7231,99.2645,31.5201,-1.5968,B,relation-reasoning-agent-eval-v3.1
2026-08-26T07:20:00+09:00,CMP-S02-L03-01,S02,S02-L03,1,running,187.3427,419.3996,93.754,36.6511,-0.9245,A,relation-reasoning-agent-eval-v3.1
2026-08-26T07:20:00+09:00,CMP-S02-L04-01,S02,S02-L04,1,running,161.3178,465.2104,98.7741,46.342,0.8172,A,relation-reasoning-agent-eval-v3.1
2026-08-26T07:20:00+09:00,CMP-S02-L05-01,S02,S02-L05,1,running,164.909,533.2987,95.1311,44.2843,0.7313,A,relation-reasoning-agent-eval-v3.1
2026-08-26T07:30:00+09:00,CMP-S02-L01-01,S02,S02-L01,1,running,156.6869,484.0772,93.8759,43.3563,0.7835,A,relation-reasoning-agent-eval-v3.1
2026-08-26T07:30:00+09:00,CMP-S02-L02-01,S02,S02-L02,1,running,176.3511,434.7064,96.7534,28.153,-2.2203,C,relation-reasoning-agent-eval-v3.1
2026-08-26T07:30:00+09:00,CMP-S02-L03-01,S02,S02-L03,1,running,180.0081,450.9912,100.0974,37.5899,-0.7506,A,relation-reasoning-agent-eval-v3.1
2026-08-26T07:30:00+09:00,CMP-S02-L04-01,S02,S02-L04,1,running,156.9936,466.0825,106.3729,42.2393,0.0574,A,relation-reasoning-agent-eval-v3.1
2026-08-26T07:30:00+09:00,CMP-S02-L05-01,S02,S02-L05,1,running,160.6257,505.1743,95.1832,39.6262,-0.1313,A,relation-reasoning-agent-eval-v3.1
2026-08-26T07:40:00+09:00,CMP-S02-L01-01,S02,S02-L01,1,running,144.8878,507.4986,102.8752,41.0443,0.3553,A,relation-reasoning-agent-eval-v3.1
2026-08-26T07:40:00+09:00,CMP-S02-L02-01,S02,S02-L02,1,running,185.5102,421.6857,94.278,36.3336,-0.7054,A,relation-reasoning-agent-eval-v3.1
2026-08-26T07:40:00+09:00,CMP-S02-L03-01,S02,S02-L03,1,running,186.0516,416.9298,102.1047,29.6138,-2.2277,C,relation-reasoning-agent-eval-v3.1
2026-08-26T07:40:00+09:00,CMP-S02-L04-01,S02,S02-L04,1,running,161.4139,511.8729,109.4905,41.9313,0.0004,A,relation-reasoning-agent-eval-v3.1
2026-08-26T07:40:00+09:00,CMP-S02-L05-01,S02,S02-L05,1,running,164.7436,473.5682,97.7982,38.7433,-0.2948,A,relation-reasoning-agent-eval-v3.1
2026-08-26T07:50:00+09:00,CMP-S02-L01-01,S02,S02-L01,1,running,163.3199,545.2587,106.2846,42.1291,0.5562,A,relation-reasoning-agent-eval-v3.1
2026-08-26T07:50:00+09:00,CMP-S02-L02-01,S02,S02-L02,1,running,179.6155,416.5383,101.2504,39.0912,-0.1947,A,relation-reasoning-agent-eval-v3.1
2026-08-26T07:50:00+09:00,CMP-S02-L03-01,S02,S02-L03,1,running,183.2945,421.7757,100.6819,31.2534,-1.924,B,relation-reasoning-agent-eval-v3.1
2026-08-26T07:50:00+09:00,CMP-S02-L04-01,S02,S02-L04,1,running,164.6666,499.4099,107.2791,34.8359,-1.3136,B,relation-reasoning-agent-eval-v3.1
2026-08-26T07:50:00+09:00,CMP-S02-L05-01,S02,S02-L05,1,running,162.8369,429.1182,96.3019,42.0559,0.3187,A,relation-reasoning-agent-eval-v3.1
2026-08-26T08:00:00+09:00,CMP-S02-L01-01,S02,S02-L01,1,running,159.6704,521.7697,103.7659,47.0523,1.4679,B,relation-reasoning-agent-eval-v3.1
2026-08-26T08:00:00+09:00,CMP-S02-L02-01,S02,S02-L02,1,running,177.675,456.4918,95.0366,47.1701,1.3014,B,relation-reasoning-agent-eval-v3.1
2026-08-26T08:00:00+09:00,CMP-S02-L03-01,S02,S02-L03,1,running,180.2312,416.1556,106.1248,31.0618,-1.9595,B,relation-reasoning-agent-eval-v3.1
2026-08-26T08:00:00+09:00,CMP-S02-L04-01,S02,S02-L04,1,running,181.4002,466.0951,104.8466,35.9922,-1.0994,B,relation-reasoning-agent-eval-v3.1
2026-08-26T08:00:00+09:00,CMP-S02-L05-01,S02,S02-L05,1,running,165.3294,478.7134,103.4579,43.2095,0.5323,A,relation-reasoning-agent-eval-v3.1
2026-08-26T08:10:00+09:00,CMP-S02-L01-01,S02,S02-L01,1,running,142.1312,488.8242,101.63,46.2932,1.3273,B,relation-reasoning-agent-eval-v3.1
2026-08-26T08:10:00+09:00,CMP-S02-L02-01,S02,S02-L02,1,running,155.3056,470.7314,101.3736,49.1377,1.6657,B,relation-reasoning-agent-eval-v3.1
2026-08-26T08:10:00+09:00,CMP-S02-L03-01,S02,S02-L03,1,running,169.8179,383.1207,105.4016,33.9928,-1.4167,B,relation-reasoning-agent-eval-v3.1
2026-08-26T08:10:00+09:00,CMP-S02-L04-01,S02,S02-L04,1,running,177.2323,463.2452,114.9815,36.5756,-0.9914,A,relation-reasoning-agent-eval-v3.1
2026-08-26T08:10:00+09:00,CMP-S02-L05-01,S02,S02-L05,1,running,174.0699,503.5027,99.1141,38.9547,-0.2556,A,relation-reasoning-agent-eval-v3.1
2026-08-26T08:20:00+09:00,CMP-S02-L01-01,S02,S02-L01,1,running,140.7187,495.0694,101.2835,45.984,1.2701,B,relation-reasoning-agent-eval-v3.1
2026-08-26T08:20:00+09:00,CMP-S02-L02-01,S02,S02-L02,1,running,152.9343,422.5856,98.5188,44.6232,0.8297,A,relation-reasoning-agent-eval-v3.1
2026-08-26T08:20:00+09:00,CMP-S02-L03-01,S02,S02-L03,1,running,181.4316,418.0024,108.8341,43.3768,0.321,A,relation-reasoning-agent-eval-v3.1
2026-08-26T08:20:00+09:00,CMP-S02-L04-01,S02,S02-L04,1,running,164.7154,448.3538,111.203,37.7815,-0.7681,A,relation-reasoning-agent-eval-v3.1
2026-08-26T08:20:00+09:00,CMP-S02-L05-01,S02,S02-L05,1,running,186.722,488.4122,102.2421,41.3039,0.1794,A,relation-reasoning-agent-eval-v3.1
2026-08-26T08:30:00+09:00,CMP-S02-L01-01,S02,S02-L01,1,running,154.4369,431.2534,97.3713,50.6491,2.134,C,relation-reasoning-agent-eval-v3.1
2026-08-26T08:30:00+09:00,CMP-S02-L02-01,S02,S02-L02,1,running,155.7149,424.763,104.4419,44.6459,0.8339,A,relation-reasoning-agent-eval-v3.1
2026-08-26T08:30:00+09:00,CMP-S02-L03-01,S02,S02-L03,1,running,178.5693,402.0903,105.5949,48.0724,1.1906,B,relation-reasoning-agent-eval-v3.1
2026-08-26T08:30:00+09:00,CMP-S02-L04-01,S02,S02-L04,1,running,163.8938,482.3971,112.5482,42.8238,0.1657,A,relation-reasoning-agent-eval-v3.1
2026-08-26T08:30:00+09:00,CMP-S02-L05-01,S02,S02-L05,1,running,196.0439,492.9273,104.234,45.5916,0.9734,A,relation-reasoning-agent-eval-v3.1
2026-08-26T08:40:00+09:00,CMP-S02-L01-01,S02,S02-L01,1,running,164.0527,424.2248,93.3325,50.5854,2.1222,C,relation-reasoning-agent-eval-v3.1
2026-08-26T08:40:00+09:00,CMP-S02-L02-01,S02,S02-L02,1,running,158.3732,411.6794,108.6842,48.418,1.5325,B,relation-reasoning-agent-eval-v3.1
2026-08-26T08:40:00+09:00,CMP-S02-L03-01,S02,S02-L03,1,running,180.5499,423.2644,102.2582,44.9729,0.6166,A,relation-reasoning-agent-eval-v3.1
2026-08-26T08:40:00+09:00,CMP-S02-L04-01,S02,S02-L04,1,running,176.2336,493.0338,108.5365,42.1246,0.0362,A,relation-reasoning-agent-eval-v3.1
2026-08-26T08:40:00+09:00,CMP-S02-L05-01,S02,S02-L05,1,running,186.59,468.6659,106.1658,45.0683,0.8765,A,relation-reasoning-agent-eval-v3.1
2026-08-26T08:50:00+09:00,CMP-S02-L01-01,S02,S02-L01,1,running,190.0766,425.2515,100.7182,45.7792,1.2321,B,relation-reasoning-agent-eval-v3.1
2026-08-26T08:50:00+09:00,CMP-S02-L02-01,S02,S02-L02,1,running,164.8321,438.8375,104.5697,49.8484,1.7974,B,relation-reasoning-agent-eval-v3.1
2026-08-26T08:50:00+09:00,CMP-S02-L03-01,S02,S02-L03,1,running,164.8463,419.4899,103.3134,42.0181,0.0694,A,relation-reasoning-agent-eval-v3.1
2026-08-26T08:50:00+09:00,CMP-S02-L04-01,S02,S02-L04,1,running,174.8133,475.8202,109.5824,43.9522,0.3746,A,relation-reasoning-agent-eval-v3.1
2026-08-26T08:50:00+09:00,CMP-S02-L05-01,S02,S02-L05,1,running,181.3686,518.485,115.4123,46.7489,1.1878,B,relation-reasoning-agent-eval-v3.1
2026-08-26T09:00:00+09:00,CMP-S02-L01-01,S02,S02-L01,1,running,189.9803,445.5792,99.0221,44.4612,0.9881,A,relation-reasoning-agent-eval-v3.1
2026-08-26T09:00:00+09:00,CMP-S02-L02-01,S02,S02-L02,1,running,177.1066,426.711,104.2394,50.9056,1.9931,B,relation-reasoning-agent-eval-v3.1
2026-08-26T09:00:00+09:00,CMP-S02-L03-01,S02,S02-L03,1,running,175.8278,410.3761,99.6445,42.7622,0.2072,A,relation-reasoning-agent-eval-v3.1
2026-08-26T09:00:00+09:00,CMP-S02-L04-01,S02,S02-L04,1,running,187.5526,443.0978,106.4427,35.6811,-1.157,B,relation-reasoning-agent-eval-v3.1
2026-08-26T09:00:00+09:00,CMP-S02-L05-01,S02,S02-L05,1,running,187.6948,472.7897,111.8229,40.9623,0.1162,A,relation-reasoning-agent-eval-v3.1
2026-08-26T09:10:00+09:00,CMP-S02-L01-01,S02,S02-L01,1,running,190.2062,471.9175,102.0438,44.0447,0.9109,A,relation-reasoning-agent-eval-v3.1
2026-08-26T09:10:00+09:00,CMP-S02-L02-01,S02,S02-L02,1,running,181.387,449.3005,99.8309,45.135,0.9245,A,relation-reasoning-agent-eval-v3.1
2026-08-26T09:10:00+09:00,CMP-S02-L03-01,S02,S02-L03,1,running,176.7038,402.6026,98.8555,38.7822,-0.5298,A,relation-reasoning-agent-eval-v3.1
2026-08-26T09:10:00+09:00,CMP-S02-L04-01,S02,S02-L04,1,running,201.0398,443.0603,105.1319,38.5432,-0.627,A,relation-reasoning-agent-eval-v3.1
2026-08-26T09:10:00+09:00,CMP-S02-L05-01,S02,S02-L05,1,running,187.7674,457.8875,108.6258,39.6724,-0.1227,A,relation-reasoning-agent-eval-v3.1
2026-08-26T09:20:00+09:00,CMP-S02-L01-01,S02,S02-L01,1,running,189.2136,506.6604,107.3691,47.6022,1.5697,B,relation-reasoning-agent-eval-v3.1
2026-08-26T09:20:00+09:00,CMP-S02-L02-01,S02,S02-L02,1,running,173.8945,475.0667,93.8206,42.7739,0.4873,A,relation-reasoning-agent-eval-v3.1
2026-08-26T09:20:00+09:00,CMP-S02-L03-01,S02,S02-L03,1,running,176.9517,399.7457,98.438,40.9501,-0.1284,A,relation-reasoning-agent-eval-v3.1
2026-08-26T09:20:00+09:00,CMP-S02-L04-01,S02,S02-L04,1,running,178.3903,479.7266,99.6053,31.1686,-1.9927,B,relation-reasoning-agent-eval-v3.1
2026-08-26T09:20:00+09:00,CMP-S02-L05-01,S02,S02-L05,1,running,190.2098,444.0457,105.9115,46.7838,1.1942,B,relation-reasoning-agent-eval-v3.1
2026-08-26T09:30:00+09:00,CMP-S02-L01-01,S02,S02-L01,1,running,203.3841,522.9275,107.9913,44.5945,1.0128,B,relation-reasoning-agent-eval-v3.1
2026-08-26T09:30:00+09:00,CMP-S02-L02-01,S02,S02-L02,1,running,184.4692,498.5867,94.9723,40.8193,0.1253,A,relation-reasoning-agent-eval-v3.1
2026-08-26T09:30:00+09:00,CMP-S02-L03-01,S02,S02-L03,1,running,179.4196,409.9486,98.2065,41.8331,0.0352,A,relation-reasoning-agent-eval-v3.1
2026-08-26T09:30:00+09:00,CMP-S02-L04-01,S02,S02-L04,1,running,168.1474,491.9042,99.5363,31.1449,-1.9971,B,relation-reasoning-agent-eval-v3.1
2026-08-26T09:30:00+09:00,CMP-S02-L05-01,S02,S02-L05,1,running,185.8127,375.2305,103.805,45.8572,1.0226,B,relation-reasoning-agent-eval-v3.1
2026-08-26T09:40:00+09:00,CMP-S02-L01-01,S02,S02-L01,1,running,214.45,510.9234,100.7717,47.6426,1.5772,B,relation-reasoning-agent-eval-v3.1
2026-08-26T09:40:00+09:00,CMP-S02-L02-01,S02,S02-L02,1,running,165.137,500.4741,92.4215,39.3784,-0.1415,A,relation-reasoning-agent-eval-v3.1
2026-08-26T09:40:00+09:00,CMP-S02-L03-01,S02,S02-L03,1,running,173.5328,392.9252,95.189,40.2268,-0.2623,A,relation-reasoning-agent-eval-v3.1
2026-08-26T09:40:00+09:00,CMP-S02-L04-01,S02,S02-L04,1,running,195.2017,491.6725,97.251,33.5076,-1.5595,B,relation-reasoning-agent-eval-v3.1
2026-08-26T09:40:00+09:00,CMP-S02-L05-01,S02,S02-L05,1,running,194.3684,376.3287,108.7189,47.4227,1.3125,B,relation-reasoning-agent-eval-v3.1
2026-08-26T09:50:00+09:00,CMP-S02-L01-01,S02,S02-L01,1,running,206.6404,493.2129,102.4845,38.2647,-0.1594,A,relation-reasoning-agent-eval-v3.1
2026-08-26T09:50:00+09:00,CMP-S02-L02-01,S02,S02-L02,1,running,165.1909,432.2514,94.2566,43.4355,0.6098,A,relation-reasoning-agent-eval-v3.1
2026-08-26T09:50:00+09:00,CMP-S02-L03-01,S02,S02-L03,1,running,168.4175,391.2376,95.0088,35.8349,-1.0756,B,relation-reasoning-agent-eval-v3.1
2026-08-26T09:50:00+09:00,CMP-S02-L04-01,S02,S02-L04,1,running,179.3603,492.2865,94.2085,34.4931,-1.3771,B,relation-reasoning-agent-eval-v3.1
2026-08-26T09:50:00+09:00,CMP-S02-L05-01,S02,S02-L05,1,running,193.8023,434.5755,103.1631,51.5128,2.07,C,relation-reasoning-agent-eval-v3.1
2026-08-26T10:00:00+09:00,CMP-S02-L01-01,S02,S02-L01,1,running,187.4504,468.8123,101.0398,38.9397,-0.0344,A,relation-reasoning-agent-eval-v3.1
2026-08-26T10:00:00+09:00,CMP-S02-L02-01,S02,S02-L02,1,running,147.4039,434.3294,93.4791,45.2386,0.9437,A,relation-reasoning-agent-eval-v3.1
2026-08-26T10:00:00+09:00,CMP-S02-L03-01,S02,S02-L03,1,running,147.9397,344.2214,97.8234,36.8466,-0.8883,A,relation-reasoning-agent-eval-v3.1
2026-08-26T10:00:00+09:00,CMP-S02-L04-01,S02,S02-L04,1,running,161.3782,524.9034,93.6525,37.9341,-0.7398,A,relation-reasoning-agent-eval-v3.1
2026-08-26T10:00:00+09:00,CMP-S02-L05-01,S02,S02-L05,1,running,174.955,463.6121,103.1113,41.4298,0.2027,A,relation-reasoning-agent-eval-v3.1
2026-08-26T10:10:00+09:00,CMP-S02-L01-01,S02,S02-L01,1,running,188.5353,460.2163,95.202,30.4979,-1.5977,B,relation-reasoning-agent-eval-v3.1
2026-08-26T10:10:00+09:00,CMP-S02-L02-01,S02,S02-L02,1,running,160.8472,477.6201,92.2935,51.5824,2.1185,C,relation-reasoning-agent-eval-v3.1
2026-08-26T10:10:00+09:00,CMP-S02-L03-01,S02,S02-L03,1,running,141.7142,331.2444,99.9603,42.2973,0.1211,A,relation-reasoning-agent-eval-v3.1
2026-08-26T10:10:00+09:00,CMP-S02-L04-01,S02,S02-L04,1,running,159.8146,478.9999,96.9271,39.9363,-0.3691,A,relation-reasoning-agent-eval-v3.1
2026-08-26T10:10:00+09:00,CMP-S02-L05-01,S02,S02-L05,1,running,163.7324,484.0821,102.4686,43.2175,0.5338,A,relation-reasoning-agent-eval-v3.1
2026-08-26T10:20:00+09:00,CMP-S02-L01-01,S02,S02-L01,1,running,187.6759,499.0051,95.826,33.0667,-1.122,B,relation-reasoning-agent-eval-v3.1
2026-08-26T10:20:00+09:00,CMP-S02-L02-01,S02,S02-L02,1,running,146.0447,530.5826,90.8355,46.9643,1.2633,B,relation-reasoning-agent-eval-v3.1
2026-08-26T10:20:00+09:00,CMP-S02-L03-01,S02,S02-L03,1,running,167.1265,390.4683,106.3057,42.755,0.2059,A,relation-reasoning-agent-eval-v3.1
2026-08-26T10:20:00+09:00,CMP-S02-L04-01,S02,S02-L04,1,running,172.7487,503.2376,92.0368,47.4206,1.0169,B,relation-reasoning-agent-eval-v3.1
2026-08-26T10:20:00+09:00,CMP-S02-L05-01,S02,S02-L05,1,running,159.0831,458.5468,106.7348,43.9573,0.6708,A,relation-reasoning-agent-eval-v3.1
2026-08-26T10:30:00+09:00,CMP-S02-L01-01,S02,S02-L01,1,running,176.1738,461.2079,97.186,33.9686,-0.955,A,relation-reasoning-agent-eval-v3.1
2026-08-26T10:30:00+09:00,CMP-S02-L02-01,S02,S02-L02,1,running,135.0395,505.0391,92.4211,55.6824,2.8777,C,relation-reasoning-agent-eval-v3.1
2026-08-26T10:30:00+09:00,CMP-S02-L03-01,S02,S02-L03,1,running,167.1918,401.7544,106.9881,41.7956,0.0282,A,relation-reasoning-agent-eval-v3.1
2026-08-26T10:30:00+09:00,CMP-S02-L04-01,S02,S02-L04,1,running,165.4899,514.8271,99.9299,43.2306,0.241,A,relation-reasoning-agent-eval-v3.1
2026-08-26T10:30:00+09:00,CMP-S02-L05-01,S02,S02-L05,1,running,177.8881,417.905,103.7538,50.3151,1.8482,B,relation-reasoning-agent-eval-v3.1
2026-08-26T10:40:00+09:00,CMP-S02-L01-01,S02,S02-L01,1,running,184.345,504.2572,95.4395,34.9772,-0.7682,A,relation-reasoning-agent-eval-v3.1
2026-08-26T10:40:00+09:00,CMP-S02-L02-01,S02,S02-L02,1,running,162.8128,471.6863,99.5749,45.6232,1.0149,B,relation-reasoning-agent-eval-v3.1
2026-08-26T10:40:00+09:00,CMP-S02-L03-01,S02,S02-L03,1,running,157.6924,418.2949,105.882,40.7815,-0.1596,A,relation-reasoning-agent-eval-v3.1
2026-08-26T10:40:00+09:00,CMP-S02-L04-01,S02,S02-L04,1,running,175.4064,462.2129,97.793,37.7951,-0.7656,A,relation-reasoning-agent-eval-v3.1
2026-08-26T10:40:00+09:00,CMP-S02-L05-01,S02,S02-L05,1,running,169.4267,410.2837,103.3738,50.4317,1.8698,B,relation-reasoning-agent-eval-v3.1
2026-08-26T10:50:00+09:00,CMP-S02-L01-01,S02,S02-L01,1,running,185.7291,482.0424,96.664,31.1292,-1.4808,B,relation-reasoning-agent-eval-v3.1
2026-08-26T10:50:00+09:00,CMP-S02-L02-01,S02,S02-L02,1,running,169.5818,467.2061,104.1116,51.375,2.0801,C,relation-reasoning-agent-eval-v3.1
2026-08-26T10:50:00+09:00,CMP-S02-L03-01,S02,S02-L03,1,running,165.0693,429.783,103.4722,43.8681,0.412,A,relation-reasoning-agent-eval-v3.1
2026-08-26T10:50:00+09:00,CMP-S02-L04-01,S02,S02-L04,1,running,173.7151,498.7402,99.5545,38.6956,-0.5988,A,relation-reasoning-agent-eval-v3.1
2026-08-26T10:50:00+09:00,CMP-S02-L05-01,S02,S02-L05,1,running,167.2565,385.2951,104.617,52.6062,2.2724,C,relation-reasoning-agent-eval-v3.1
2026-08-26T11:00:00+09:00,CMP-S02-L01-01,S02,S02-L01,1,running,186.1312,478.9659,101.0715,33.1741,-1.1021,B,relation-reasoning-agent-eval-v3.1
2026-08-26T11:00:00+09:00,CMP-S02-L02-01,S02,S02-L02,1,running,149.8432,452.895,108.8371,52.9653,2.3746,C,relation-reasoning-agent-eval-v3.1
2026-08-26T11:00:00+09:00,CMP-S02-L03-01,S02,S02-L03,1,running,176.5397,479.2076,101.3339,44.6634,0.5593,A,relation-reasoning-agent-eval-v3.1
2026-08-26T11:00:00+09:00,CMP-S02-L04-01,S02,S02-L04,1,running,181.7839,516.276,97.7551,35.7986,-1.1353,B,relation-reasoning-agent-eval-v3.1
2026-08-26T11:00:00+09:00,CMP-S02-L05-01,S02,S02-L05,1,running,142.7469,364.1006,100.0535,48.5126,1.5144,B,relation-reasoning-agent-eval-v3.1
2026-08-26T11:10:00+09:00,CMP-S02-L01-01,S02,S02-L01,1,running,190.2392,473.694,102.0037,34.1097,-0.9289,A,relation-reasoning-agent-eval-v3.1
2026-08-26T11:10:00+09:00,CMP-S02-L02-01,S02,S02-L02,1,running,168.4743,448.0907,108.7097,48.8894,1.6198,B,relation-reasoning-agent-eval-v3.1
2026-08-26T11:10:00+09:00,CMP-S02-L03-01,S02,S02-L03,1,running,175.1437,450.3403,95.6937,48.739,1.314,B,relation-reasoning-agent-eval-v3.1
2026-08-26T11:10:00+09:00,CMP-S02-L04-01,S02,S02-L04,1,running,168.4293,508.862,97.1437,35.1109,-1.2626,B,relation-reasoning-agent-eval-v3.1
2026-08-26T11:10:00+09:00,CMP-S02-L05-01,S02,S02-L05,1,running,145.3387,364.8791,101.9464,45.4311,0.9437,A,relation-reasoning-agent-eval-v3.1
2026-08-26T11:20:00+09:00,CMP-S02-L01-01,S02,S02-L01,1,running,182.8223,508.3577,106.1384,38.5458,-0.1074,A,relation-reasoning-agent-eval-v3.1
2026-08-26T11:20:00+09:00,CMP-S02-L02-01,S02,S02-L02,1,running,179.7514,471.0275,104.9054,48.5056,1.5487,B,relation-reasoning-agent-eval-v3.1
2026-08-26T11:20:00+09:00,CMP-S02-L03-01,S02,S02-L03,1,running,172.4253,435.2971,100.3949,43.7346,0.3873,A,relation-reasoning-agent-eval-v3.1
2026-08-26T11:20:00+09:00,CMP-S02-L04-01,S02,S02-L04,1,running,191.8048,498.175,92.8831,33.4793,-1.5648,B,relation-reasoning-agent-eval-v3.1
2026-08-26T11:20:00+09:00,CMP-S02-L05-01,S02,S02-L05,1,running,148.4357,442.2702,99.2006,44.4358,0.7594,A,relation-reasoning-agent-eval-v3.1
2026-08-26T11:30:00+09:00,CMP-S02-L01-01,S02,S02-L01,1,running,198.7696,470.8203,103.76,35.4169,-0.6868,A,relation-reasoning-agent-eval-v3.1
2026-08-26T11:30:00+09:00,CMP-S02-L02-01,S02,S02-L02,1,running,161.5432,450.1432,104.7102,49.17,1.6717,B,relation-reasoning-agent-eval-v3.1
2026-08-26T11:30:00+09:00,CMP-S02-L03-01,S02,S02-L03,1,running,178.6087,443.2247,102.1687,38.8083,-0.525,A,relation-reasoning-agent-eval-v3.1
2026-08-26T11:30:00+09:00,CMP-S02-L04-01,S02,S02-L04,1,running,192.8457,513.8163,107.4323,38.2045,-0.6898,A,relation-reasoning-agent-eval-v3.1
2026-08-26T11:30:00+09:00,CMP-S02-L05-01,S02,S02-L05,1,running,158.1974,398.3941,108.4851,39.7014,-0.1173,A,relation-reasoning-agent-eval-v3.1
2026-08-26T11:40:00+09:00,CMP-S02-L01-01,S02,S02-L01,1,running,185.6112,541.2613,105.9532,37.385,-0.3223,A,relation-reasoning-agent-eval-v3.1
2026-08-26T11:40:00+09:00,CMP-S02-L02-01,S02,S02-L02,1,running,153.8566,435.7128,103.0749,43.3974,0.6027,A,relation-reasoning-agent-eval-v3.1
2026-08-26T11:40:00+09:00,CMP-S02-L03-01,S02,S02-L03,1,running,168.4011,412.8072,105.6962,39.778,-0.3454,A,relation-reasoning-agent-eval-v3.1
2026-08-26T11:40:00+09:00,CMP-S02-L04-01,S02,S02-L04,1,running,191.0436,505.8358,99.758,36.7317,-0.9625,A,relation-reasoning-agent-eval-v3.1
2026-08-26T11:40:00+09:00,CMP-S02-L05-01,S02,S02-L05,1,running,159.6042,416.5814,105.7764,37.2329,-0.5745,A,relation-reasoning-agent-eval-v3.1
2026-08-26T11:50:00+09:00,CMP-S02-L01-01,S02,S02-L01,1,running,185.8783,524.2701,109.1051,38.6949,-0.0798,A,relation-reasoning-agent-eval-v3.1
2026-08-26T11:50:00+09:00,CMP-S02-L02-01,S02,S02-L02,1,running,144.8315,409.8438,99.307,43.912,0.698,A,relation-reasoning-agent-eval-v3.1
2026-08-26T11:50:00+09:00,CMP-S02-L03-01,S02,S02-L03,1,running,160.5393,446.3784,106.2216,38.1418,-0.6484,A,relation-reasoning-agent-eval-v3.1
2026-08-26T11:50:00+09:00,CMP-S02-L04-01,S02,S02-L04,1,running,194.841,510.0215,96.1143,43.1759,0.2309,A,relation-reasoning-agent-eval-v3.1
2026-08-26T11:50:00+09:00,CMP-S02-L05-01,S02,S02-L05,1,running,156.2692,418.9071,106.4838,33.5855,-1.2499,B,relation-reasoning-agent-eval-v3.1
2026-08-26T12:00:00+09:00,CMP-S02-L01-01,S02,S02-L01,1,running,189.5106,509.3073,102.9294,32.507,-1.2257,B,relation-reasoning-agent-eval-v3.1
2026-08-26T12:00:00+09:00,CMP-S02-L02-01,S02,S02-L02,1,running,142.6887,420.3708,100.9622,40.1327,-0.0018,A,relation-reasoning-agent-eval-v3.1
2026-08-26T12:00:00+09:00,CMP-S02-L03-01,S02,S02-L03,1,running,152.2712,434.0495,103.3747,39.5144,-0.3942,A,relation-reasoning-agent-eval-v3.1
2026-08-26T12:00:00+09:00,CMP-S02-L04-01,S02,S02-L04,1,running,196.4533,527.1598,93.2845,45.5177,0.6646,A,relation-reasoning-agent-eval-v3.1
2026-08-26T12:00:00+09:00,CMP-S02-L05-01,S02,S02-L05,1,running,149.545,461.7517,102.0421,39.4061,-0.172,A,relation-reasoning-agent-eval-v3.1
2026-08-26T12:10:00+09:00,CMP-S02-L01-01,S02,S02-L01,1,running,187.0749,415.5052,112.0407,39.0328,-0.0172,A,relation-reasoning-agent-eval-v3.1
2026-08-26T12:10:00+09:00,CMP-S02-L02-01,S02,S02-L02,1,running,159.0134,450.552,108.5701,37.7237,-0.448,A,relation-reasoning-agent-eval-v3.1
2026-08-26T12:10:00+09:00,CMP-S02-L03-01,S02,S02-L03,1,running,160.6526,444.6243,104.2129,40.9824,-0.1224,A,relation-reasoning-agent-eval-v3.1
2026-08-26T12:10:00+09:00,CMP-S02-L04-01,S02,S02-L04,1,running,172.2687,501.17,95.0389,43.658,0.3202,A,relation-reasoning-agent-eval-v3.1
2026-08-26T12:10:00+09:00,CMP-S02-L05-01,S02,S02-L05,1,running,157.0858,438.7018,104.6553,35.9046,-0.8204,A,relation-reasoning-agent-eval-v3.1
2026-08-26T12:20:00+09:00,CMP-S02-L01-01,S02,S02-L01,1,running,191.6468,489.7061,109.2959,39.6764,0.102,A,relation-reasoning-agent-eval-v3.1
2026-08-26T12:20:00+09:00,CMP-S02-L02-01,S02,S02-L02,1,running,173.2018,446.6769,108.7991,37.5916,-0.4724,A,relation-reasoning-agent-eval-v3.1
2026-08-26T12:20:00+09:00,CMP-S02-L03-01,S02,S02-L03,1,running,168.5021,398.3619,94.8442,34.0746,-1.4016,B,relation-reasoning-agent-eval-v3.1
2026-08-26T12:20:00+09:00,CMP-S02-L04-01,S02,S02-L04,1,running,174.843,462.4274,93.9446,43.8022,0.3469,A,relation-reasoning-agent-eval-v3.1
2026-08-26T12:20:00+09:00,CMP-S02-L05-01,S02,S02-L05,1,running,160.3621,506.834,100.0731,42.2571,0.3559,A,relation-reasoning-agent-eval-v3.1
2026-08-26T12:30:00+09:00,CMP-S02-L01-01,S02,S02-L01,1,running,177.9015,481.7146,109.3962,40.3946,0.235,A,relation-reasoning-agent-eval-v3.1
2026-08-26T12:30:00+09:00,CMP-S02-L02-01,S02,S02-L02,1,running,190.253,512.0967,114.4028,36.098,-0.749,A,relation-reasoning-agent-eval-v3.1
2026-08-26T12:30:00+09:00,CMP-S02-L03-01,S02,S02-L03,1,running,168.4772,427.1319,93.2139,32.1339,-1.761,B,relation-reasoning-agent-eval-v3.1
2026-08-26T12:30:00+09:00,CMP-S02-L04-01,S02,S02-L04,1,running,193.4723,478.8279,93.6105,43.9899,0.3816,A,relation-reasoning-agent-eval-v3.1
2026-08-26T12:30:00+09:00,CMP-S02-L05-01,S02,S02-L05,1,running,156.3719,453.5754,98.8897,39.7199,-0.1139,A,relation-reasoning-agent-eval-v3.1
2026-08-26T12:40:00+09:00,CMP-S02-L01-01,S02,S02-L01,1,running,192.649,472.2085,104.1713,40.6956,0.2907,A,relation-reasoning-agent-eval-v3.1
2026-08-26T12:40:00+09:00,CMP-S02-L02-01,S02,S02-L02,1,running,172.6679,529.1068,112.8616,36.6496,-0.6469,A,relation-reasoning-agent-eval-v3.1
2026-08-26T12:40:00+09:00,CMP-S02-L03-01,S02,S02-L03,1,running,186.4168,418.5305,91.8431,34.4992,-1.323,B,relation-reasoning-agent-eval-v3.1
2026-08-26T12:40:00+09:00,CMP-S02-L04-01,S02,S02-L04,1,running,181.5723,469.6816,95.9921,52.6782,1.9906,B,relation-reasoning-agent-eval-v3.1
2026-08-26T12:40:00+09:00,CMP-S02-L05-01,S02,S02-L05,1,running,161.1768,500.0311,99.4683,41.1428,0.1496,A,relation-reasoning-agent-eval-v3.1
2026-08-26T12:50:00+09:00,CMP-S02-L01-01,S02,S02-L01,1,running,188.579,429.02,104.6851,38.5667,-0.1035,A,relation-reasoning-agent-eval-v3.1
2026-08-26T12:50:00+09:00,CMP-S02-L02-01,S02,S02-L02,1,running,166.6935,536.9656,108.118,39.0464,-0.203,A,relation-reasoning-agent-eval-v3.1
2026-08-26T12:50:00+09:00,CMP-S02-L03-01,S02,S02-L03,1,running,185.6903,411.7129,97.4156,39.9633,-0.3111,A,relation-reasoning-agent-eval-v3.1
2026-08-26T12:50:00+09:00,CMP-S02-L04-01,S02,S02-L04,1,running,159.3148,483.6479,95.4711,47.3374,1.0015,B,relation-reasoning-agent-eval-v3.1
2026-08-26T12:50:00+09:00,CMP-S02-L05-01,S02,S02-L05,1,running,170.5739,492.6844,97.4895,38.173,-0.4004,A,relation-reasoning-agent-eval-v3.1
2026-08-26T13:00:00+09:00,CMP-S02-L01-01,S02,S02-L01,1,running,183.2946,364.7483,97.2934,40.0114,0.164,A,relation-reasoning-agent-eval-v3.1
2026-08-26T13:00:00+09:00,CMP-S02-L02-01,S02,S02-L02,1,running,165.7959,494.0472,105.7693,40.0243,-0.0219,A,relation-reasoning-agent-eval-v3.1
2026-08-26T13:00:00+09:00,CMP-S02-L03-01,S02,S02-L03,1,running,185.5892,348.8217,95.5348,40.0837,-0.2888,A,relation-reasoning-agent-eval-v3.1
2026-08-26T13:00:00+09:00,CMP-S02-L04-01,S02,S02-L04,1,running,150.1631,465.0379,103.2369,46.4695,0.8408,A,relation-reasoning-agent-eval-v3.1
2026-08-26T13:00:00+09:00,CMP-S02-L05-01,S02,S02-L05,1,running,185.9046,463.1643,93.1397,38.7023,-0.3024,A,relation-reasoning-agent-eval-v3.1
2026-08-26T13:10:00+09:00,CMP-S02-L01-01,S02,S02-L01,1,running,188.6519,375.178,105.3799,39.3342,0.0386,A,relation-reasoning-agent-eval-v3.1
2026-08-26T13:10:00+09:00,CMP-S02-L02-01,S02,S02-L02,1,running,167.5944,514.5602,108.3903,36.5025,-0.6741,A,relation-reasoning-agent-eval-v3.1
2026-08-26T13:10:00+09:00,CMP-S02-L03-01,S02,S02-L03,1,running,180.907,334.2777,95.7719,44.2171,0.4767,A,relation-reasoning-agent-eval-v3.1
2026-08-26T13:10:00+09:00,CMP-S02-L04-01,S02,S02-L04,1,running,164.2558,460.3071,100.6215,46.8437,0.9101,A,relation-reasoning-agent-eval-v3.1
2026-08-26T13:10:00+09:00,CMP-S02-L05-01,S02,S02-L05,1,running,185.2535,453.8012,91.6585,40.416,0.015,A,relation-reasoning-agent-eval-v3.1
2026-08-26T13:20:00+09:00,CMP-S02-L01-01,S02,S02-L01,1,running,183.294,399.8107,103.4157,36.7149,-0.4464,A,relation-reasoning-agent-eval-v3.1
2026-08-26T13:20:00+09:00,CMP-S02-L02-01,S02,S02-L02,1,running,167.0634,517.2342,114.0553,37.2928,-0.5278,A,relation-reasoning-agent-eval-v3.1
2026-08-26T13:20:00+09:00,CMP-S02-L03-01,S02,S02-L03,1,running,180.4401,342.1732,95.5061,41.6087,-0.0064,A,relation-reasoning-agent-eval-v3.1
2026-08-26T13:20:00+09:00,CMP-S02-L04-01,S02,S02-L04,1,running,177.1439,438.5846,105.9908,47.3101,0.9965,A,relation-reasoning-agent-eval-v3.1
2026-08-26T13:20:00+09:00,CMP-S02-L05-01,S02,S02-L05,1,running,188.2743,449.4045,95.3898,35.2509,-0.9415,A,relation-reasoning-agent-eval-v3.1
2026-08-26T13:30:00+09:00,CMP-S02-L01-01,S02,S02-L01,1,running,166.7218,387.4609,104.022,35.0444,-0.7558,A,relation-reasoning-agent-eval-v3.1
2026-08-26T13:30:00+09:00,CMP-S02-L02-01,S02,S02-L02,1,running,160.535,466.9676,111.0776,39.0265,-0.2067,A,relation-reasoning-agent-eval-v3.1
2026-08-26T13:30:00+09:00,CMP-S02-L03-01,S02,S02-L03,1,running,186.4931,404.9832,91.8084,40.7666,-0.1623,A,relation-reasoning-agent-eval-v3.1
2026-08-26T13:30:00+09:00,CMP-S02-L04-01,S02,S02-L04,1,running,161.5375,456.1333,107.7922,40.7563,-0.2172,A,relation-reasoning-agent-eval-v3.1
2026-08-26T13:30:00+09:00,CMP-S02-L05-01,S02,S02-L05,1,running,183.8181,460.6606,97.5376,36.4673,-0.7162,A,relation-reasoning-agent-eval-v3.1
2026-08-26T13:40:00+09:00,CMP-S02-L01-01,S02,S02-L01,1,running,172.3736,396.9985,97.0884,34.1725,-0.9172,A,relation-reasoning-agent-eval-v3.1
2026-08-26T13:40:00+09:00,CMP-S02-L02-01,S02,S02-L02,1,running,162.8761,501.1078,115.8592,41.6872,0.286,A,relation-reasoning-agent-eval-v3.1
2026-08-26T13:40:00+09:00,CMP-S02-L03-01,S02,S02-L03,1,running,178.5034,442.1772,89.4724,48.0505,1.1865,B,relation-reasoning-agent-eval-v3.1
2026-08-26T13:40:00+09:00,CMP-S02-L04-01,S02,S02-L04,1,running,163.1444,474.5436,104.9981,37.1648,-0.8823,A,relation-reasoning-agent-eval-v3.1
2026-08-26T13:40:00+09:00,CMP-S02-L05-01,S02,S02-L05,1,running,193.3692,482.2592,99.1876,37.6404,-0.499,A,relation-reasoning-agent-eval-v3.1
2026-08-26T13:50:00+09:00,CMP-S02-L01-01,S02,S02-L01,1,running,159.7599,401.124,89.9541,37.0192,-0.3901,A,relation-reasoning-agent-eval-v3.1
2026-08-26T13:50:00+09:00,CMP-S02-L02-01,S02,S02-L02,1,running,176.0617,497.3495,111.336,43.2856,0.582,A,relation-reasoning-agent-eval-v3.1
2026-08-26T13:50:00+09:00,CMP-S02-L03-01,S02,S02-L03,1,running,184.1463,473.414,93.4665,49.3769,1.4322,B,relation-reasoning-agent-eval-v3.1
2026-08-26T13:50:00+09:00,CMP-S02-L04-01,S02,S02-L04,1,running,164.6584,454.1519,106.8346,34.8092,-1.3185,B,relation-reasoning-agent-eval-v3.1
2026-08-26T13:50:00+09:00,CMP-S02-L05-01,S02,S02-L05,1,running,190.4015,448.8551,93.8832,36.8787,-0.6401,A,relation-reasoning-agent-eval-v3.1
2026-08-26T14:00:00+09:00,CMP-S02-L01-01,S02,S02-L01,1,running,167.3996,430.787,89.6058,39.2295,0.0192,A,relation-reasoning-agent-eval-v3.1
2026-08-26T14:00:00+09:00,CMP-S02-L02-01,S02,S02-L02,1,running,147.066,482.3442,107.1971,41.6916,0.2868,A,relation-reasoning-agent-eval-v3.1
2026-08-26T14:00:00+09:00,CMP-S02-L03-01,S02,S02-L03,1,running,176.6806,480.6841,105.1262,48.7044,1.3076,B,relation-reasoning-agent-eval-v3.1
2026-08-26T14:00:00+09:00,CMP-S02-L04-01,S02,S02-L04,1,running,157.5972,467.6228,96.8836,34.3543,-1.4028,B,relation-reasoning-agent-eval-v3.1
2026-08-26T14:00:00+09:00,CMP-S02-L05-01,S02,S02-L05,1,running,169.7565,439.9115,93.9303,37.4036,-0.5428,A,relation-reasoning-agent-eval-v3.1
2026-08-26T14:10:00+09:00,CMP-S02-L01-01,S02,S02-L01,1,running,192.6527,528.3373,96.9032,38.7562,-0.0684,A,relation-reasoning-agent-eval-v3.1
2026-08-26T14:10:00+09:00,CMP-S02-L02-01,S02,S02-L02,1,running,166.5797,455.0817,108.3597,39.4208,-0.1337,A,relation-reasoning-agent-eval-v3.1
2026-08-26T14:10:00+09:00,CMP-S02-L03-01,S02,S02-L03,1,running,179.9807,464.2784,106.5294,47.8019,1.1405,B,relation-reasoning-agent-eval-v3.1
2026-08-26T14:10:00+09:00,CMP-S02-L04-01,S02,S02-L04,1,running,154.1272,468.8969,96.9316,37.5551,-0.81,A,relation-reasoning-agent-eval-v3.1
2026-08-26T14:10:00+09:00,CMP-S02-L05-01,S02,S02-L05,1,running,177.1077,436.4764,93.0521,36.506,-0.7091,A,relation-reasoning-agent-eval-v3.1
2026-08-26T14:20:00+09:00,CMP-S02-L01-01,S02,S02-L01,1,running,178.2267,491.8556,95.9214,38.0518,-0.1989,A,relation-reasoning-agent-eval-v3.1
2026-08-26T14:20:00+09:00,CMP-S02-L02-01,S02,S02-L02,1,running,156.5148,458.324,110.7747,35.6745,-0.8274,A,relation-reasoning-agent-eval-v3.1
2026-08-26T14:20:00+09:00,CMP-S02-L03-01,S02,S02-L03,1,running,162.7138,496.6509,104.5652,47.0138,0.9946,A,relation-reasoning-agent-eval-v3.1
2026-08-26T14:20:00+09:00,CMP-S02-L04-01,S02,S02-L04,1,running,162.6671,478.7701,97.2407,38.1413,-0.7014,A,relation-reasoning-agent-eval-v3.1
2026-08-26T14:20:00+09:00,CMP-S02-L05-01,S02,S02-L05,1,running,174.5682,455.5172,98.0275,38.3987,-0.3586,A,relation-reasoning-agent-eval-v3.1
2026-08-26T14:30:00+09:00,CMP-S02-L01-01,S02,S02-L01,1,running,163.4923,482.1203,100.9406,37.8591,-0.2345,A,relation-reasoning-agent-eval-v3.1
2026-08-26T14:30:00+09:00,CMP-S02-L02-01,S02,S02-L02,1,running,167.642,450.6044,112.965,34.9978,-0.9528,A,relation-reasoning-agent-eval-v3.1
2026-08-26T14:30:00+09:00,CMP-S02-L03-01,S02,S02-L03,1,running,158.6147,436.2618,101.628,43.9607,0.4292,A,relation-reasoning-agent-eval-v3.1
2026-08-26T14:30:00+09:00,CMP-S02-L04-01,S02,S02-L04,1,running,160.9031,499.3604,106.1407,39.2455,-0.497,A,relation-reasoning-agent-eval-v3.1
2026-08-26T14:30:00+09:00,CMP-S02-L05-01,S02,S02-L05,1,running,167.7406,415.2047,100.3109,32.0514,-1.534,B,relation-reasoning-agent-eval-v3.1
2026-08-26T14:40:00+09:00,CMP-S02-L01-01,S02,S02-L01,1,running,178.6076,448.3016,110.6598,36.3944,-0.5058,A,relation-reasoning-agent-eval-v3.1
2026-08-26T14:40:00+09:00,CMP-S02-L02-01,S02,S02-L02,1,running,162.8009,482.4607,112.9685,36.5186,-0.6711,A,relation-reasoning-agent-eval-v3.1
2026-08-26T14:40:00+09:00,CMP-S02-L03-01,S02,S02-L03,1,running,157.8731,418.6937,101.5795,45.1987,0.6584,A,relation-reasoning-agent-eval-v3.1
2026-08-26T14:40:00+09:00,CMP-S02-L04-01,S02,S02-L04,1,running,161.2699,426.6224,100.0038,39.5299,-0.4443,A,relation-reasoning-agent-eval-v3.1
2026-08-26T14:40:00+09:00,CMP-S02-L05-01,S02,S02-L05,1,running,169.6908,392.2344,98.8139,32.8058,-1.3943,B,relation-reasoning-agent-eval-v3.1
2026-08-26T14:50:00+09:00,CMP-S02-L01-01,S02,S02-L01,1,running,166.8866,459.6835,114.1792,38.7762,-0.0647,A,relation-reasoning-agent-eval-v3.1
2026-08-26T14:50:00+09:00,CMP-S02-L02-01,S02,S02-L02,1,running,163.8518,501.5008,103.1185,33.3893,-1.2506,B,relation-reasoning-agent-eval-v3.1
2026-08-26T14:50:00+09:00,CMP-S02-L03-01,S02,S02-L03,1,running,166.494,418.9512,104.9695,48.8358,1.332,B,relation-reasoning-agent-eval-v3.1
2026-08-26T14:50:00+09:00,CMP-S02-L04-01,S02,S02-L04,1,running,173.8258,513.916,99.5569,33.7063,-1.5227,B,relation-reasoning-agent-eval-v3.1
2026-08-26T14:50:00+09:00,CMP-S02-L05-01,S02,S02-L05,1,running,171.1593,408.1759,98.8596,33.9255,-1.1869,B,relation-reasoning-agent-eval-v3.1
2026-08-26T15:00:00+09:00,CMP-S02-L01-01,S02,S02-L01,1,running,160.401,465.4854,104.3924,40.814,0.3126,A,relation-reasoning-agent-eval-v3.1
2026-08-26T15:00:00+09:00,CMP-S02-L02-01,S02,S02-L02,1,running,167.0665,510.9386,104.7281,36.2228,-0.7259,A,relation-reasoning-agent-eval-v3.1
2026-08-26T15:00:00+09:00,CMP-S02-L03-01,S02,S02-L03,1,running,172.8049,427.272,104.8085,49.1638,1.3927,B,relation-reasoning-agent-eval-v3.1
2026-08-26T15:00:00+09:00,CMP-S02-L04-01,S02,S02-L04,1,running,187.4772,535.764,98.0745,33.8739,-1.4917,B,relation-reasoning-agent-eval-v3.1
2026-08-26T15:00:00+09:00,CMP-S02-L05-01,S02,S02-L05,1,running,171.5117,456.4471,99.1365,34.9458,-0.998,A,relation-reasoning-agent-eval-v3.1
2026-08-26T15:10:00+09:00,CMP-S02-L01-01,S02,S02-L01,1,running,164.447,433.3164,104.942,40.5745,0.2683,A,relation-reasoning-agent-eval-v3.1
2026-08-26T15:10:00+09:00,CMP-S02-L02-01,S02,S02-L02,1,running,169.3572,483.8761,109.4989,32.6744,-1.383,B,relation-reasoning-agent-eval-v3.1
2026-08-26T15:10:00+09:00,CMP-S02-L03-01,S02,S02-L03,1,running,156.8845,415.3533,103.5909,42.2715,0.1163,A,relation-reasoning-agent-eval-v3.1
2026-08-26T15:10:00+09:00,CMP-S02-L04-01,S02,S02-L04,1,running,168.4656,527.0625,101.4042,31.1102,-2.0035,C,relation-reasoning-agent-eval-v3.1
2026-08-26T15:10:00+09:00,CMP-S02-L05-01,S02,S02-L05,1,running,179.7792,404.4572,107.1943,37.4498,-0.5343,A,relation-reasoning-agent-eval-v3.1
2026-08-26T15:20:00+09:00,CMP-S02-L01-01,S02,S02-L01,1,running,164.7149,412.4606,109.254,41.564,0.4516,A,relation-reasoning-agent-eval-v3.1
2026-08-26T15:20:00+09:00,CMP-S02-L02-01,S02,S02-L02,1,running,174.0324,480.2016,112.9049,33.0947,-1.3052,B,relation-reasoning-agent-eval-v3.1
2026-08-26T15:20:00+09:00,CMP-S02-L03-01,S02,S02-L03,1,running,165.6001,440.8851,110.7745,45.3127,0.6795,A,relation-reasoning-agent-eval-v3.1
2026-08-26T15:20:00+09:00,CMP-S02-L04-01,S02,S02-L04,1,running,158.4978,524.3688,103.3198,31.2567,-1.9764,B,relation-reasoning-agent-eval-v3.1
2026-08-26T15:20:00+09:00,CMP-S02-L05-01,S02,S02-L05,1,running,173.7243,449.1663,100.9082,26.3547,-2.589,C,relation-reasoning-agent-eval-v3.1
2026-08-26T15:30:00+09:00,CMP-S02-L01-01,S02,S02-L01,1,running,186.0984,391.2469,102.218,42.4347,0.6128,A,relation-reasoning-agent-eval-v3.1
2026-08-26T15:30:00+09:00,CMP-S02-L02-01,S02,S02-L02,1,running,185.8682,499.0251,101.1173,29.2951,-2.0088,C,relation-reasoning-agent-eval-v3.1
2026-08-26T15:30:00+09:00,CMP-S02-L03-01,S02,S02-L03,1,running,179.7816,422.3841,113.5088,47.7524,1.1313,B,relation-reasoning-agent-eval-v3.1
2026-08-26T15:30:00+09:00,CMP-S02-L04-01,S02,S02-L04,1,running,166.0261,521.5134,99.9838,37.838,-0.7576,A,relation-reasoning-agent-eval-v3.1
2026-08-26T15:30:00+09:00,CMP-S02-L05-01,S02,S02-L05,1,running,184.7743,469.9536,92.876,39.9937,-0.0632,A,relation-reasoning-agent-eval-v3.1
2026-08-26T15:40:00+09:00,CMP-S02-L01-01,S02,S02-L01,1,running,172.5615,386.2892,101.765,36.6,-0.4677,A,relation-reasoning-agent-eval-v3.1
2026-08-26T15:40:00+09:00,CMP-S02-L02-01,S02,S02-L02,1,running,175.7112,492.9347,107.1549,23.043,-3.1666,D,relation-reasoning-agent-eval-v3.1
2026-08-26T15:40:00+09:00,CMP-S02-L03-01,S02,S02-L03,1,running,180.1851,400.9084,112.5442,43.0525,0.261,A,relation-reasoning-agent-eval-v3.1
2026-08-26T15:40:00+09:00,CMP-S02-L04-01,S02,S02-L04,1,running,178.2038,517.916,98.5113,40.7584,-0.2168,A,relation-reasoning-agent-eval-v3.1
2026-08-26T15:40:00+09:00,CMP-S02-L05-01,S02,S02-L05,1,running,191.118,437.8227,101.1201,35.2633,-0.9392,A,relation-reasoning-agent-eval-v3.1
2026-08-26T15:50:00+09:00,CMP-S02-L01-01,S02,S02-L01,1,running,161.8237,366.0523,107.0203,39.6294,0.0933,A,relation-reasoning-agent-eval-v3.1
2026-08-26T15:50:00+09:00,CMP-S02-L02-01,S02,S02-L02,1,running,193.1403,484.9034,105.758,23.894,-3.009,D,relation-reasoning-agent-eval-v3.1
2026-08-26T15:50:00+09:00,CMP-S02-L03-01,S02,S02-L03,1,running,169.717,445.4609,108.9993,41.951,0.057,A,relation-reasoning-agent-eval-v3.1
2026-08-26T15:50:00+09:00,CMP-S02-L04-01,S02,S02-L04,1,running,165.5874,474.0184,94.7415,45.3119,0.6264,A,relation-reasoning-agent-eval-v3.1
2026-08-26T15:50:00+09:00,CMP-S02-L05-01,S02,S02-L05,1,running,173.8477,449.2807,102.9319,30.1443,-1.8872,B,relation-reasoning-agent-eval-v3.1
2026-08-26T16:00:00+09:00,CMP-S02-L01-01,S02,S02-L01,1,running,157.5715,401.9725,101.7424,36.3259,-0.5185,A,relation-reasoning-agent-eval-v3.1
2026-08-26T16:00:00+09:00,CMP-S02-L02-01,S02,S02-L02,1,running,184.0028,467.6943,107.2286,24.7179,-2.8564,C,relation-reasoning-agent-eval-v3.1
2026-08-26T16:00:00+09:00,CMP-S02-L03-01,S02,S02-L03,1,running,169.2587,471.319,106.4816,46.168,0.8379,A,relation-reasoning-agent-eval-v3.1
2026-08-26T16:00:00+09:00,CMP-S02-L04-01,S02,S02-L04,1,running,170.6494,463.5018,99.7876,39.3783,-0.4724,A,relation-reasoning-agent-eval-v3.1
2026-08-26T16:00:00+09:00,CMP-S02-L05-01,S02,S02-L05,1,running,182.0695,503.1382,101.4633,38.2533,-0.3855,A,relation-reasoning-agent-eval-v3.1
2026-08-26T16:10:00+09:00,CMP-S02-L01-01,S02,S02-L01,1,running,150.2073,384.8597,104.3116,38.5541,-0.1058,A,relation-reasoning-agent-eval-v3.1
2026-08-26T16:10:00+09:00,CMP-S02-L02-01,S02,S02-L02,1,running,169.192,442.0824,109.0573,33.9993,-1.1377,B,relation-reasoning-agent-eval-v3.1
2026-08-26T16:10:00+09:00,CMP-S02-L03-01,S02,S02-L03,1,running,169.2163,449.4279,113.6171,42.3251,0.1263,A,relation-reasoning-agent-eval-v3.1
2026-08-26T16:10:00+09:00,CMP-S02-L04-01,S02,S02-L04,1,running,167.9727,473.8354,98.9716,34.7283,-1.3335,B,relation-reasoning-agent-eval-v3.1
2026-08-26T16:10:00+09:00,CMP-S02-L05-01,S02,S02-L05,1,running,180.4682,508.7572,99.93,40.0227,-0.0578,A,relation-reasoning-agent-eval-v3.1
2026-08-26T16:20:00+09:00,CMP-S02-L01-01,S02,S02-L01,1,running,158.1473,457.4808,104.6741,38.9659,-0.0296,A,relation-reasoning-agent-eval-v3.1
2026-08-26T16:20:00+09:00,CMP-S02-L02-01,S02,S02-L02,1,running,175.1829,458.3131,104.2918,31.0097,-1.6913,B,relation-reasoning-agent-eval-v3.1
2026-08-26T16:20:00+09:00,CMP-S02-L03-01,S02,S02-L03,1,running,167.7482,434.8402,114.1478,38.9115,-0.5059,A,relation-reasoning-agent-eval-v3.1
2026-08-26T16:20:00+09:00,CMP-S02-L04-01,S02,S02-L04,1,running,181.0602,465.2961,95.2225,40.1227,-0.3345,A,relation-reasoning-agent-eval-v3.1
2026-08-26T16:20:00+09:00,CMP-S02-L05-01,S02,S02-L05,1,running,190.3763,475.3914,102.4953,45.5109,0.9585,A,relation-reasoning-agent-eval-v3.1
2026-08-26T16:30:00+09:00,CMP-S02-L01-01,S02,S02-L01,1,running,170.813,447.0767,115.8125,37.2806,-0.3417,A,relation-reasoning-agent-eval-v3.1
2026-08-26T16:30:00+09:00,CMP-S02-L02-01,S02,S02-L02,1,running,169.4376,460.2817,100.5431,29.5195,-1.9673,B,relation-reasoning-agent-eval-v3.1
2026-08-26T16:30:00+09:00,CMP-S02-L03-01,S02,S02-L03,1,running,184.9325,450.0693,112.2134,33.7506,-1.4616,B,relation-reasoning-agent-eval-v3.1
2026-08-26T16:30:00+09:00,CMP-S02-L04-01,S02,S02-L04,1,running,172.1713,404.2143,97.1283,45.8334,0.723,A,relation-reasoning-agent-eval-v3.1
2026-08-26T16:30:00+09:00,CMP-S02-L05-01,S02,S02-L05,1,running,186.7648,473.1201,99.3121,40.4866,0.0281,A,relation-reasoning-agent-eval-v3.1
2026-08-26T16:40:00+09:00,CMP-S02-L01-01,S02,S02-L01,1,running,163.5414,433.2093,115.8375,38.5207,-0.112,A,relation-reasoning-agent-eval-v3.1
2026-08-26T16:40:00+09:00,CMP-S02-L02-01,S02,S02-L02,1,running,188.0599,482.5621,97.4747,32.5171,-1.4121,B,relation-reasoning-agent-eval-v3.1
2026-08-26T16:40:00+09:00,CMP-S02-L03-01,S02,S02-L03,1,running,199.2581,480.9031,107.8593,33.6214,-1.4855,B,relation-reasoning-agent-eval-v3.1
2026-08-26T16:40:00+09:00,CMP-S02-L04-01,S02,S02-L04,1,running,180.2838,405.7349,101.3031,42.0854,0.0289,A,relation-reasoning-agent-eval-v3.1
2026-08-26T16:40:00+09:00,CMP-S02-L05-01,S02,S02-L05,1,running,181.2069,466.4093,98.6657,37.8059,-0.4684,A,relation-reasoning-agent-eval-v3.1
2026-08-26T16:50:00+09:00,CMP-S02-L01-01,S02,S02-L01,1,running,144.9564,452.7172,110.24,33.8432,-0.9782,A,relation-reasoning-agent-eval-v3.1
2026-08-26T16:50:00+09:00,CMP-S02-L02-01,S02,S02-L02,1,running,183.8636,463.9727,95.1977,30.1422,-1.8519,B,relation-reasoning-agent-eval-v3.1
2026-08-26T16:50:00+09:00,CMP-S02-L03-01,S02,S02-L03,1,running,191.0923,402.9879,101.2665,36.5198,-0.9488,A,relation-reasoning-agent-eval-v3.1
2026-08-26T16:50:00+09:00,CMP-S02-L04-01,S02,S02-L04,1,running,171.7603,412.2948,101.0609,50.6943,1.6232,B,relation-reasoning-agent-eval-v3.1
2026-08-26T16:50:00+09:00,CMP-S02-L05-01,S02,S02-L05,1,running,168.5854,515.8824,93.2216,36.4859,-0.7128,A,relation-reasoning-agent-eval-v3.1
2026-08-26T17:00:00+09:00,CMP-S02-L01-01,S02,S02-L01,1,running,162.741,507.1098,99.32,34.8959,-0.7833,A,relation-reasoning-agent-eval-v3.1
2026-08-26T17:00:00+09:00,CMP-S02-L02-01,S02,S02-L02,1,running,190.4299,445.0509,98.3789,32.1868,-1.4733,B,relation-reasoning-agent-eval-v3.1
2026-08-26T17:00:00+09:00,CMP-S02-L03-01,S02,S02-L03,1,running,198.1236,409.9964,108.2202,36.2763,-0.9939,A,relation-reasoning-agent-eval-v3.1
2026-08-26T17:00:00+09:00,CMP-S02-L04-01,S02,S02-L04,1,running,175.0661,445.6623,101.8231,43.1897,0.2334,A,relation-reasoning-agent-eval-v3.1
2026-08-26T17:00:00+09:00,CMP-S02-L05-01,S02,S02-L05,1,running,150.6578,545.2176,92.0674,38.0975,-0.4143,A,relation-reasoning-agent-eval-v3.1
2026-08-26T17:10:00+09:00,CMP-S02-L01-01,S02,S02-L01,1,running,166.4114,454.0363,95.2809,39.6637,0.0996,A,relation-reasoning-agent-eval-v3.1
2026-08-26T17:10:00+09:00,CMP-S02-L02-01,S02,S02-L02,1,running,185.978,470.212,106.6402,37.1878,-0.5472,A,relation-reasoning-agent-eval-v3.1
2026-08-26T17:10:00+09:00,CMP-S02-L03-01,S02,S02-L03,1,running,197.0226,397.989,102.4665,39.0061,-0.4884,A,relation-reasoning-agent-eval-v3.1
2026-08-26T17:10:00+09:00,CMP-S02-L04-01,S02,S02-L04,1,running,172.8457,451.7347,104.179,40.1519,-0.3291,A,relation-reasoning-agent-eval-v3.1
2026-08-26T17:10:00+09:00,CMP-S02-L05-01,S02,S02-L05,1,running,161.1228,516.8399,87.9588,34.9628,-0.9948,A,relation-reasoning-agent-eval-v3.1
2026-08-26T17:20:00+09:00,CMP-S02-L01-01,S02,S02-L01,1,running,172.3737,478.7767,97.4279,38.7026,-0.0783,A,relation-reasoning-agent-eval-v3.1
2026-08-26T17:20:00+09:00,CMP-S02-L02-01,S02,S02-L02,1,running,181.2746,424.1941,101.9418,37.7582,-0.4416,A,relation-reasoning-agent-eval-v3.1
2026-08-26T17:20:00+09:00,CMP-S02-L03-01,S02,S02-L03,1,running,188.8781,379.9494,98.6104,41.0128,-0.1167,A,relation-reasoning-agent-eval-v3.1
2026-08-26T17:20:00+09:00,CMP-S02-L04-01,S02,S02-L04,1,running,169.4853,465.9394,103.513,40.0499,-0.348,A,relation-reasoning-agent-eval-v3.1
2026-08-26T17:20:00+09:00,CMP-S02-L05-01,S02,S02-L05,1,running,172.6847,522.6243,87.7274,40.216,-0.022,A,relation-reasoning-agent-eval-v3.1
2026-08-26T17:30:00+09:00,CMP-S02-L01-01,S02,S02-L01,1,running,179.7186,467.5248,97.1302,42.473,0.6199,A,relation-reasoning-agent-eval-v3.1
2026-08-26T17:30:00+09:00,CMP-S02-L02-01,S02,S02-L02,1,running,167.4468,447.2495,103.6871,32.9606,-1.33,B,relation-reasoning-agent-eval-v3.1
2026-08-26T17:30:00+09:00,CMP-S02-L03-01,S02,S02-L03,1,running,175.6395,374.6772,102.3931,44.5789,0.5437,A,relation-reasoning-agent-eval-v3.1
2026-08-26T17:30:00+09:00,CMP-S02-L04-01,S02,S02-L04,1,running,146.9293,481.3019,103.2113,40.0416,-0.3495,A,relation-reasoning-agent-eval-v3.1
2026-08-26T17:30:00+09:00,CMP-S02-L05-01,S02,S02-L05,1,running,187.6333,471.2797,87.5412,40.2348,-0.0186,A,relation-reasoning-agent-eval-v3.1
2026-08-26T17:40:00+09:00,CMP-S02-L01-01,S02,S02-L01,1,running,168.3768,527.6443,98.7111,42.3147,0.5906,A,relation-reasoning-agent-eval-v3.1
2026-08-26T17:40:00+09:00,CMP-S02-L02-01,S02,S02-L02,1,running,181.4634,438.5647,102.0806,36.7445,-0.6293,A,relation-reasoning-agent-eval-v3.1
2026-08-26T17:40:00+09:00,CMP-S02-L03-01,S02,S02-L03,1,running,184.7988,415.0922,100.5069,40.7112,-0.1726,A,relation-reasoning-agent-eval-v3.1
2026-08-26T17:40:00+09:00,CMP-S02-L04-01,S02,S02-L04,1,running,149.4574,522.6765,101.3476,40.6169,-0.243,A,relation-reasoning-agent-eval-v3.1
2026-08-26T17:40:00+09:00,CMP-S02-L05-01,S02,S02-L05,1,running,179.1258,529.4832,90.0542,38.277,-0.3811,A,relation-reasoning-agent-eval-v3.1
2026-08-26T17:50:00+09:00,CMP-S02-L01-01,S02,S02-L01,1,running,165.0567,486.2223,91.5927,42.4391,0.6136,A,relation-reasoning-agent-eval-v3.1
2026-08-26T17:50:00+09:00,CMP-S02-L02-01,S02,S02-L02,1,running,178.8032,463.3453,101.8153,41.091,0.1756,A,relation-reasoning-agent-eval-v3.1
2026-08-26T17:50:00+09:00,CMP-S02-L03-01,S02,S02-L03,1,running,185.7033,449.007,107.8977,35.6522,-1.1094,B,relation-reasoning-agent-eval-v3.1
2026-08-26T17:50:00+09:00,CMP-S02-L04-01,S02,S02-L04,1,running,169.118,502.4866,103.7896,46.5029,0.847,A,relation-reasoning-agent-eval-v3.1
2026-08-26T17:50:00+09:00,CMP-S02-L05-01,S02,S02-L05,1,running,184.9164,510.5714,87.5722,29.9908,-1.9156,B,relation-reasoning-agent-eval-v3.1
2026-08-26T18:00:00+09:00,CMP-S02-L01-01,S02,S02-L01,1,running,174.0691,491.0478,103.2453,37.692,-0.2655,A,relation-reasoning-agent-eval-v3.1
2026-08-26T18:00:00+09:00,CMP-S02-L02-01,S02,S02-L02,1,running,190.3883,455.7939,100.4314,41.4206,0.2366,A,relation-reasoning-agent-eval-v3.1
2026-08-26T18:00:00+09:00,CMP-S02-L03-01,S02,S02-L03,1,running,174.3348,440.5464,107.6193,36.358,-0.9787,A,relation-reasoning-agent-eval-v3.1
2026-08-26T18:00:00+09:00,CMP-S02-L04-01,S02,S02-L04,1,running,184.5626,482.2198,100.0313,40.3712,-0.2885,A,relation-reasoning-agent-eval-v3.1
2026-08-26T18:00:00+09:00,CMP-S02-L05-01,S02,S02-L05,1,running,190.0084,529.0346,87.2692,30.2045,-1.876,B,relation-reasoning-agent-eval-v3.1
2026-08-26T18:10:00+09:00,CMP-S02-L01-01,S02,S02-L01,1,running,179.4622,461.0672,99.665,38.3647,-0.1409,A,relation-reasoning-agent-eval-v3.1
2026-08-26T18:10:00+09:00,CMP-S02-L02-01,S02,S02-L02,1,running,193.0977,449.4265,97.5631,37.3421,-0.5186,A,relation-reasoning-agent-eval-v3.1
2026-08-26T18:10:00+09:00,CMP-S02-L03-01,S02,S02-L03,1,running,173.2743,398.4462,113.2184,37.7676,-0.7177,A,relation-reasoning-agent-eval-v3.1
2026-08-26T18:10:00+09:00,CMP-S02-L04-01,S02,S02-L04,1,running,181.8532,467.821,97.5302,40.3122,-0.2994,A,relation-reasoning-agent-eval-v3.1
2026-08-26T18:10:00+09:00,CMP-S02-L05-01,S02,S02-L05,1,running,206.0592,516.759,93.3161,34.3099,-1.1158,B,relation-reasoning-agent-eval-v3.1
2026-08-26T18:20:00+09:00,CMP-S02-L01-01,S02,S02-L01,1,running,170.7636,475.2721,99.1219,35.9896,-0.5808,A,relation-reasoning-agent-eval-v3.1
2026-08-26T18:20:00+09:00,CMP-S02-L02-01,S02,S02-L02,1,running,195.1366,427.4066,94.9511,36.6122,-0.6538,A,relation-reasoning-agent-eval-v3.1
2026-08-26T18:20:00+09:00,CMP-S02-L03-01,S02,S02-L03,1,running,152.1592,393.4466,111.2325,36.1169,-1.0234,B,relation-reasoning-agent-eval-v3.1
2026-08-26T18:20:00+09:00,CMP-S02-L04-01,S02,S02-L04,1,running,188.0192,474.9465,105.1911,48.3556,1.1901,B,relation-reasoning-agent-eval-v3.1
2026-08-26T18:20:00+09:00,CMP-S02-L05-01,S02,S02-L05,1,running,187.7097,508.8743,96.7398,31.3744,-1.6594,B,relation-reasoning-agent-eval-v3.1
2026-08-26T18:30:00+09:00,CMP-S02-L01-01,S02,S02-L01,1,running,160.7995,486.5412,99.1222,36.3801,-0.5084,A,relation-reasoning-agent-eval-v3.1
2026-08-26T18:30:00+09:00,CMP-S02-L02-01,S02,S02-L02,1,running,184.5063,460.9251,98.6974,35.4829,-0.8629,A,relation-reasoning-agent-eval-v3.1
2026-08-26T18:30:00+09:00,CMP-S02-L03-01,S02,S02-L03,1,running,156.1252,378.8205,109.4193,38.8514,-0.517,A,relation-reasoning-agent-eval-v3.1
2026-08-26T18:30:00+09:00,CMP-S02-L04-01,S02,S02-L04,1,running,191.5414,423.5382,102.9638,49.1131,1.3304,B,relation-reasoning-agent-eval-v3.1
2026-08-26T18:30:00+09:00,CMP-S02-L05-01,S02,S02-L05,1,running,195.5915,467.2467,94.3859,29.426,-2.0202,C,relation-reasoning-agent-eval-v3.1
2026-08-26T18:40:00+09:00,CMP-S02-L01-01,S02,S02-L01,1,running,139.7163,458.6031,101.298,37.4046,-0.3187,A,relation-reasoning-agent-eval-v3.1
2026-08-26T18:40:00+09:00,CMP-S02-L02-01,S02,S02-L02,1,running,198.3492,475.9698,98.0094,32.9324,-1.3352,B,relation-reasoning-agent-eval-v3.1
2026-08-26T18:40:00+09:00,CMP-S02-L03-01,S02,S02-L03,1,running,159.8766,409.0882,102.4187,38.5191,-0.5785,A,relation-reasoning-agent-eval-v3.1
2026-08-26T18:40:00+09:00,CMP-S02-L04-01,S02,S02-L04,1,running,182.4719,490.233,98.1049,47.2756,0.9901,A,relation-reasoning-agent-eval-v3.1
2026-08-26T18:40:00+09:00,CMP-S02-L05-01,S02,S02-L05,1,running,180.4183,432.05,98.877,30.3601,-1.8472,B,relation-reasoning-agent-eval-v3.1
2026-08-26T18:50:00+09:00,CMP-S02-L01-01,S02,S02-L01,1,running,120.7791,480.3788,103.0502,33.404,-1.0596,B,relation-reasoning-agent-eval-v3.1
2026-08-26T18:50:00+09:00,CMP-S02-L02-01,S02,S02-L02,1,running,187.0001,432.0347,96.257,29.6372,-1.9455,B,relation-reasoning-agent-eval-v3.1
2026-08-26T18:50:00+09:00,CMP-S02-L03-01,S02,S02-L03,1,running,187.3041,386.0617,100.8547,40.1257,-0.281,A,relation-reasoning-agent-eval-v3.1
2026-08-26T18:50:00+09:00,CMP-S02-L04-01,S02,S02-L04,1,running,158.6028,450.3296,96.1594,46.5799,0.8613,A,relation-reasoning-agent-eval-v3.1
2026-08-26T18:50:00+09:00,CMP-S02-L05-01,S02,S02-L05,1,running,192.4307,464.4681,93.0952,29.7521,-1.9598,B,relation-reasoning-agent-eval-v3.1
2026-08-26T19:00:00+09:00,CMP-S02-L01-01,S02,S02-L01,1,running,147.8556,470.5497,96.0485,36.5877,-0.47,A,relation-reasoning-agent-eval-v3.1
2026-08-26T19:00:00+09:00,CMP-S02-L02-01,S02,S02-L02,1,running,184.6159,479.1168,98.7832,34.197,-1.1011,B,relation-reasoning-agent-eval-v3.1
2026-08-26T19:00:00+09:00,CMP-S02-L03-01,S02,S02-L03,1,running,172.7336,370.8824,99.9514,37.4024,-0.7853,A,relation-reasoning-agent-eval-v3.1
2026-08-26T19:00:00+09:00,CMP-S02-L04-01,S02,S02-L04,1,running,156.8286,456.8639,99.2046,48.2142,1.1639,B,relation-reasoning-agent-eval-v3.1
2026-08-26T19:00:00+09:00,CMP-S02-L05-01,S02,S02-L05,1,running,188.9236,478.6121,93.8479,27.9046,-2.3019,C,relation-reasoning-agent-eval-v3.1
2026-08-26T19:10:00+09:00,CMP-S02-L01-01,S02,S02-L01,1,running,148.1595,445.6401,94.6688,34.3376,-0.8867,A,relation-reasoning-agent-eval-v3.1
2026-08-26T19:10:00+09:00,CMP-S02-L02-01,S02,S02-L02,1,running,191.8276,488.85,97.081,34.8277,-0.9843,A,relation-reasoning-agent-eval-v3.1
2026-08-26T19:10:00+09:00,CMP-S02-L03-01,S02,S02-L03,1,running,162.881,381.3488,100.5601,39.8753,-0.3274,A,relation-reasoning-agent-eval-v3.1
2026-08-26T19:10:00+09:00,CMP-S02-L04-01,S02,S02-L04,1,running,160.631,501.164,102.6422,49.5422,1.4098,B,relation-reasoning-agent-eval-v3.1
2026-08-26T19:10:00+09:00,CMP-S02-L05-01,S02,S02-L05,1,running,165.1138,525.9133,92.1035,34.2689,-1.1234,B,relation-reasoning-agent-eval-v3.1
2026-08-26T19:20:00+09:00,CMP-S02-L01-01,S02,S02-L01,1,running,171.4467,458.4901,94.0532,39.2332,0.0199,A,relation-reasoning-agent-eval-v3.1
2026-08-26T19:20:00+09:00,CMP-S02-L02-01,S02,S02-L02,1,running,188.7499,481.4841,97.1471,37.7582,-0.4416,A,relation-reasoning-agent-eval-v3.1
2026-08-26T19:20:00+09:00,CMP-S02-L03-01,S02,S02-L03,1,running,159.9497,370.7733,92.781,43.7565,0.3914,A,relation-reasoning-agent-eval-v3.1
2026-08-26T19:20:00+09:00,CMP-S02-L04-01,S02,S02-L04,1,running,153.9515,493.2884,105.0131,43.6659,0.3216,A,relation-reasoning-agent-eval-v3.1
2026-08-26T19:20:00+09:00,CMP-S02-L05-01,S02,S02-L05,1,running,160.937,494.1438,90.7069,31.2434,-1.6836,B,relation-reasoning-agent-eval-v3.1
2026-08-26T19:30:00+09:00,CMP-S02-L01-01,S02,S02-L01,1,running,162.8598,483.8709,95.2094,43.3388,0.7802,A,relation-reasoning-agent-eval-v3.1
2026-08-26T19:30:00+09:00,CMP-S02-L02-01,S02,S02-L02,1,running,190.0051,457.3462,90.2787,36.0859,-0.7513,A,relation-reasoning-agent-eval-v3.1
2026-08-26T19:30:00+09:00,CMP-S02-L03-01,S02,S02-L03,1,running,166.9209,376.7046,95.7661,40.3966,-0.2309,A,relation-reasoning-agent-eval-v3.1
2026-08-26T19:30:00+09:00,CMP-S02-L04-01,S02,S02-L04,1,running,170.6144,483.2363,101.7693,43.5843,0.3065,A,relation-reasoning-agent-eval-v3.1
2026-08-26T19:30:00+09:00,CMP-S02-L05-01,S02,S02-L05,1,running,182.1284,496.1851,95.0906,33.2211,-1.3174,B,relation-reasoning-agent-eval-v3.1
2026-08-26T19:40:00+09:00,CMP-S02-L01-01,S02,S02-L01,1,running,144.0026,449.645,96.3265,51.087,2.2151,C,relation-reasoning-agent-eval-v3.1
2026-08-26T19:40:00+09:00,CMP-S02-L02-01,S02,S02-L02,1,running,202.7277,424.4612,97.8939,34.2151,-1.0977,B,relation-reasoning-agent-eval-v3.1
2026-08-26T19:40:00+09:00,CMP-S02-L03-01,S02,S02-L03,1,running,170.0317,429.0876,98.4025,41.0644,-0.1072,A,relation-reasoning-agent-eval-v3.1
2026-08-26T19:40:00+09:00,CMP-S02-L04-01,S02,S02-L04,1,running,152.9959,493.7261,98.5295,46.7662,0.8958,A,relation-reasoning-agent-eval-v3.1
2026-08-26T19:40:00+09:00,CMP-S02-L05-01,S02,S02-L05,1,running,177.0166,503.6164,91.6238,33.3367,-1.296,B,relation-reasoning-agent-eval-v3.1
2026-08-26T19:50:00+09:00,CMP-S02-L01-01,S02,S02-L01,1,running,154.1029,437.2034,101.012,42.8492,0.6895,A,relation-reasoning-agent-eval-v3.1
2026-08-26T19:50:00+09:00,CMP-S02-L02-01,S02,S02-L02,1,running,209.7732,368.2568,97.1244,35.4684,-0.8656,A,relation-reasoning-agent-eval-v3.1
2026-08-26T19:50:00+09:00,CMP-S02-L03-01,S02,S02-L03,1,running,187.985,395.3459,95.3786,37.8039,-0.711,A,relation-reasoning-agent-eval-v3.1
2026-08-26T19:50:00+09:00,CMP-S02-L04-01,S02,S02-L04,1,running,166.1557,484.5772,101.9732,43.1106,0.2188,A,relation-reasoning-agent-eval-v3.1
2026-08-26T19:50:00+09:00,CMP-S02-L05-01,S02,S02-L05,1,running,186.0134,487.4309,100.7322,41.5453,0.2241,A,relation-reasoning-agent-eval-v3.1
2026-08-26T20:00:00+09:00,CMP-S02-L01-01,S02,S02-L01,1,running,173.3732,504.1258,99.9218,43.6444,0.8368,A,relation-reasoning-agent-eval-v3.1
2026-08-26T20:00:00+09:00,CMP-S02-L02-01,S02,S02-L02,1,running,185.9653,417.4682,98.522,36.4824,-0.6778,A,relation-reasoning-agent-eval-v3.1
2026-08-26T20:00:00+09:00,CMP-S02-L03-01,S02,S02-L03,1,running,194.5059,406.4747,96.4664,42.6969,0.1951,A,relation-reasoning-agent-eval-v3.1
2026-08-26T20:00:00+09:00,CMP-S02-L04-01,S02,S02-L04,1,running,154.7144,462.1276,103.2816,36.3835,-1.027,B,relation-reasoning-agent-eval-v3.1
2026-08-26T20:00:00+09:00,CMP-S02-L05-01,S02,S02-L05,1,running,185.0266,519.37,88.8881,43.1146,0.5147,A,relation-reasoning-agent-eval-v3.1
2026-08-26T20:10:00+09:00,CMP-S02-L01-01,S02,S02-L01,1,running,172.4665,508.1787,96.6469,47.9732,1.6384,B,relation-reasoning-agent-eval-v3.1
2026-08-26T20:10:00+09:00,CMP-S02-L02-01,S02,S02-L02,1,running,186.4463,449.3314,100.3717,36.6474,-0.6473,A,relation-reasoning-agent-eval-v3.1
2026-08-26T20:10:00+09:00,CMP-S02-L03-01,S02,S02-L03,1,running,195.5046,412.7552,105.7,43.3103,0.3087,A,relation-reasoning-agent-eval-v3.1
2026-08-26T20:10:00+09:00,CMP-S02-L04-01,S02,S02-L04,1,running,165.6243,433.434,103.2848,36.6841,-0.9713,A,relation-reasoning-agent-eval-v3.1
2026-08-26T20:10:00+09:00,CMP-S02-L05-01,S02,S02-L05,1,running,196.0221,490.3454,85.6048,42.433,0.3885,A,relation-reasoning-agent-eval-v3.1
2026-08-26T20:20:00+09:00,CMP-S02-L01-01,S02,S02-L01,1,running,191.0639,514.4147,103.7889,42.0437,0.5404,A,relation-reasoning-agent-eval-v3.1
2026-08-26T20:20:00+09:00,CMP-S02-L02-01,S02,S02-L02,1,running,185.2354,456.8366,96.2322,30.7547,-1.7385,B,relation-reasoning-agent-eval-v3.1
2026-08-26T20:20:00+09:00,CMP-S02-L03-01,S02,S02-L03,1,running,201.1158,400.8156,103.9385,40.4924,-0.2131,A,relation-reasoning-agent-eval-v3.1
2026-08-26T20:20:00+09:00,CMP-S02-L04-01,S02,S02-L04,1,running,157.7869,435.5497,105.992,39.0365,-0.5357,A,relation-reasoning-agent-eval-v3.1
2026-08-26T20:20:00+09:00,CMP-S02-L05-01,S02,S02-L05,1,running,175.5264,459.6759,95.9849,40.7526,0.0773,A,relation-reasoning-agent-eval-v3.1
2026-08-26T20:30:00+09:00,CMP-S02-L01-01,S02,S02-L01,1,running,186.207,503.9878,104.3685,41.229,0.3895,A,relation-reasoning-agent-eval-v3.1
2026-08-26T20:30:00+09:00,CMP-S02-L02-01,S02,S02-L02,1,running,181.5667,500.3208,106.8867,29.7718,-1.9205,B,relation-reasoning-agent-eval-v3.1
2026-08-26T20:30:00+09:00,CMP-S02-L03-01,S02,S02-L03,1,running,183.4581,500.9807,107.7365,44.1088,0.4566,A,relation-reasoning-agent-eval-v3.1
2026-08-26T20:30:00+09:00,CMP-S02-L04-01,S02,S02-L04,1,running,155.1303,431.5854,109.4893,43.7348,0.3344,A,relation-reasoning-agent-eval-v3.1
2026-08-26T20:30:00+09:00,CMP-S02-L05-01,S02,S02-L05,1,running,181.3089,447.6697,91.9419,37.2258,-0.5758,A,relation-reasoning-agent-eval-v3.1
2026-08-26T20:40:00+09:00,CMP-S02-L01-01,S02,S02-L01,1,running,188.863,514.0844,97.8301,40.4001,0.236,A,relation-reasoning-agent-eval-v3.1
2026-08-26T20:40:00+09:00,CMP-S02-L02-01,S02,S02-L02,1,running,177.9249,487.3497,105.3609,35.7494,-0.8136,A,relation-reasoning-agent-eval-v3.1
2026-08-26T20:40:00+09:00,CMP-S02-L03-01,S02,S02-L03,1,running,165.2375,509.4168,105.1807,43.1263,0.2747,A,relation-reasoning-agent-eval-v3.1
2026-08-26T20:40:00+09:00,CMP-S02-L04-01,S02,S02-L04,1,running,167.3254,446.4394,106.6344,44.468,0.4702,A,relation-reasoning-agent-eval-v3.1
2026-08-26T20:40:00+09:00,CMP-S02-L05-01,S02,S02-L05,1,running,176.364,439.4223,98.623,39.4371,-0.1663,A,relation-reasoning-agent-eval-v3.1
2026-08-26T20:50:00+09:00,CMP-S02-L01-01,S02,S02-L01,1,running,166.6041,483.8047,99.0854,40.8832,0.3255,A,relation-reasoning-agent-eval-v3.1
2026-08-26T20:50:00+09:00,CMP-S02-L02-01,S02,S02-L02,1,running,186.5978,409.8173,105.9664,33.4342,-1.2423,B,relation-reasoning-agent-eval-v3.1
2026-08-26T20:50:00+09:00,CMP-S02-L03-01,S02,S02-L03,1,running,168.9054,458.4691,111.5901,47.295,1.0466,B,relation-reasoning-agent-eval-v3.1
2026-08-26T20:50:00+09:00,CMP-S02-L04-01,S02,S02-L04,1,running,173.7747,422.0356,104.989,41.7439,-0.0343,A,relation-reasoning-agent-eval-v3.1
2026-08-26T20:50:00+09:00,CMP-S02-L05-01,S02,S02-L05,1,running,177.6674,499.965,94.5294,37.716,-0.485,A,relation-reasoning-agent-eval-v3.1
2026-08-26T21:00:00+09:00,CMP-S02-L01-01,S02,S02-L01,1,running,185.4531,459.1046,89.9464,42.8374,0.6874,A,relation-reasoning-agent-eval-v3.1
2026-08-26T21:00:00+09:00,CMP-S02-L02-01,S02,S02-L02,1,running,191.3944,388.9838,106.3367,31.8587,-1.5341,B,relation-reasoning-agent-eval-v3.1
2026-08-26T21:00:00+09:00,CMP-S02-L03-01,S02,S02-L03,1,running,173.7337,462.5434,106.6001,43.4746,0.3391,A,relation-reasoning-agent-eval-v3.1
2026-08-26T21:00:00+09:00,CMP-S02-L04-01,S02,S02-L04,1,running,172.1509,436.8892,103.1458,46.3831,0.8248,A,relation-reasoning-agent-eval-v3.1
2026-08-26T21:00:00+09:00,CMP-S02-L05-01,S02,S02-L05,1,running,188.714,468.8845,89.727,39.0596,-0.2362,A,relation-reasoning-agent-eval-v3.1
2026-08-26T21:10:00+09:00,CMP-S02-L01-01,S02,S02-L01,1,running,166.5591,444.9254,93.0674,42.0692,0.5451,A,relation-reasoning-agent-eval-v3.1
2026-08-26T21:10:00+09:00,CMP-S02-L02-01,S02,S02-L02,1,running,195.3534,420.677,107.5713,33.1032,-1.3036,B,relation-reasoning-agent-eval-v3.1
2026-08-26T21:10:00+09:00,CMP-S02-L03-01,S02,S02-L03,1,running,197.2918,460.5537,99.9666,44.3313,0.4978,A,relation-reasoning-agent-eval-v3.1
2026-08-26T21:10:00+09:00,CMP-S02-L04-01,S02,S02-L04,1,running,171.243,466.375,94.7794,39.7841,-0.3972,A,relation-reasoning-agent-eval-v3.1
2026-08-26T21:10:00+09:00,CMP-S02-L05-01,S02,S02-L05,1,running,180.5777,446.1452,93.6642,36.7557,-0.6628,A,relation-reasoning-agent-eval-v3.1
2026-08-26T21:20:00+09:00,CMP-S02-L01-01,S02,S02-L01,1,running,178.4539,472.4242,92.1927,35.9152,-0.5945,A,relation-reasoning-agent-eval-v3.1
2026-08-26T21:20:00+09:00,CMP-S02-L02-01,S02,S02-L02,1,running,187.4226,416.3424,99.3876,32.048,-1.499,B,relation-reasoning-agent-eval-v3.1
2026-08-26T21:20:00+09:00,CMP-S02-L03-01,S02,S02-L03,1,running,191.7652,467.9106,104.0848,40.8449,-0.1478,A,relation-reasoning-agent-eval-v3.1
2026-08-26T21:20:00+09:00,CMP-S02-L04-01,S02,S02-L04,1,running,165.0796,482.3184,92.7334,35.6393,-1.1648,B,relation-reasoning-agent-eval-v3.1
2026-08-26T21:20:00+09:00,CMP-S02-L05-01,S02,S02-L05,1,running,193.0998,438.3539,94.4878,42.7779,0.4524,A,relation-reasoning-agent-eval-v3.1
2026-08-26T21:30:00+09:00,CMP-S02-L01-01,S02,S02-L01,1,running,175.0966,493.3636,90.6758,31.2605,-1.4565,B,relation-reasoning-agent-eval-v3.1
2026-08-26T21:30:00+09:00,CMP-S02-L02-01,S02,S02-L02,1,running,181.1422,396.1477,103.432,31.4681,-1.6064,B,relation-reasoning-agent-eval-v3.1
2026-08-26T21:30:00+09:00,CMP-S02-L03-01,S02,S02-L03,1,running,178.0782,455.8115,103.829,35.673,-1.1056,B,relation-reasoning-agent-eval-v3.1
2026-08-26T21:30:00+09:00,CMP-S02-L04-01,S02,S02-L04,1,running,170.7183,459.1821,95.3385,39.8825,-0.379,A,relation-reasoning-agent-eval-v3.1
2026-08-26T21:30:00+09:00,CMP-S02-L05-01,S02,S02-L05,1,running,188.5207,443.2719,102.4303,42.5066,0.4021,A,relation-reasoning-agent-eval-v3.1
2026-08-26T21:40:00+09:00,CMP-S02-L01-01,S02,S02-L01,1,running,178.7276,470.8102,92.5671,32.8791,-1.1568,B,relation-reasoning-agent-eval-v3.1
2026-08-26T21:40:00+09:00,CMP-S02-L02-01,S02,S02-L02,1,running,168.1462,419.5831,108.681,34.7486,-0.9989,A,relation-reasoning-agent-eval-v3.1
2026-08-26T21:40:00+09:00,CMP-S02-L03-01,S02,S02-L03,1,running,175.1234,441.3574,96.6232,33.1322,-1.5761,B,relation-reasoning-agent-eval-v3.1
2026-08-26T21:40:00+09:00,CMP-S02-L04-01,S02,S02-L04,1,running,161.1481,486.5381,95.3269,49.7397,1.4464,B,relation-reasoning-agent-eval-v3.1
2026-08-26T21:40:00+09:00,CMP-S02-L05-01,S02,S02-L05,1,running,188.9478,455.8388,103.033,43.451,0.577,A,relation-reasoning-agent-eval-v3.1
2026-08-26T21:50:00+09:00,CMP-S02-L01-01,S02,S02-L01,1,running,184.4244,510.7903,95.2607,36.0666,-0.5665,A,relation-reasoning-agent-eval-v3.1
2026-08-26T21:50:00+09:00,CMP-S02-L02-01,S02,S02-L02,1,running,163.4223,410.2312,97.9092,40.7604,0.1144,A,relation-reasoning-agent-eval-v3.1
2026-08-26T21:50:00+09:00,CMP-S02-L03-01,S02,S02-L03,1,running,181.4815,440.9633,98.3296,31.0026,-1.9705,B,relation-reasoning-agent-eval-v3.1
2026-08-26T21:50:00+09:00,CMP-S02-L04-01,S02,S02-L04,1,running,161.8403,474.461,103.503,46.206,0.792,A,relation-reasoning-agent-eval-v3.1
2026-08-26T21:50:00+09:00,CMP-S02-L05-01,S02,S02-L05,1,running,150.2585,483.9462,104.2161,44.6211,0.7937,A,relation-reasoning-agent-eval-v3.1
2026-08-26T22:00:00+09:00,CMP-S02-L01-01,S02,S02-L01,1,running,173.4904,470.5346,95.3723,29.6785,-1.7495,B,relation-reasoning-agent-eval-v3.1
2026-08-26T22:00:00+09:00,CMP-S02-L02-01,S02,S02-L02,1,running,166.8501,408.3695,100.2849,37.8148,-0.4311,A,relation-reasoning-agent-eval-v3.1
2026-08-26T22:00:00+09:00,CMP-S02-L03-01,S02,S02-L03,1,running,191.0702,425.3461,101.0072,35.7262,-1.0957,B,relation-reasoning-agent-eval-v3.1
2026-08-26T22:00:00+09:00,CMP-S02-L04-01,S02,S02-L04,1,running,166.7504,465.6871,95.2458,41.9994,0.013,A,relation-reasoning-agent-eval-v3.1
2026-08-26T22:00:00+09:00,CMP-S02-L05-01,S02,S02-L05,1,running,166.714,499.7265,105.4213,42.2087,0.347,A,relation-reasoning-agent-eval-v3.1
2026-08-26T22:10:00+09:00,CMP-S02-L01-01,S02,S02-L01,1,running,172.842,476.8217,93.1133,33.8608,-0.975,A,relation-reasoning-agent-eval-v3.1
2026-08-26T22:10:00+09:00,CMP-S02-L02-01,S02,S02-L02,1,running,187.7319,470.7807,97.9305,42.3247,0.4041,A,relation-reasoning-agent-eval-v3.1
2026-08-26T22:10:00+09:00,CMP-S02-L03-01,S02,S02-L03,1,running,195.9928,419.5032,96.9977,36.7528,-0.9056,A,relation-reasoning-agent-eval-v3.1
2026-08-26T22:10:00+09:00,CMP-S02-L04-01,S02,S02-L04,1,running,166.1905,458.8985,94.146,36.467,-1.0115,B,relation-reasoning-agent-eval-v3.1
2026-08-26T22:10:00+09:00,CMP-S02-L05-01,S02,S02-L05,1,running,156.6085,482.4679,99.2299,44.3668,0.7466,A,relation-reasoning-agent-eval-v3.1
2026-08-26T22:20:00+09:00,CMP-S02-L01-01,S02,S02-L01,1,running,172.483,484.1517,89.4087,39.3062,0.0334,A,relation-reasoning-agent-eval-v3.1
2026-08-26T22:20:00+09:00,CMP-S02-L02-01,S02,S02-L02,1,running,190.7844,528.7173,99.9815,41.4393,0.2401,A,relation-reasoning-agent-eval-v3.1
2026-08-26T22:20:00+09:00,CMP-S02-L03-01,S02,S02-L03,1,running,164.1011,453.6995,89.3947,38.857,-0.516,A,relation-reasoning-agent-eval-v3.1
2026-08-26T22:20:00+09:00,CMP-S02-L04-01,S02,S02-L04,1,running,164.6288,458.0304,95.862,41.3894,-0.0999,A,relation-reasoning-agent-eval-v3.1
2026-08-26T22:20:00+09:00,CMP-S02-L05-01,S02,S02-L05,1,running,144.695,480.1645,103.7247,48.5819,1.5272,B,relation-reasoning-agent-eval-v3.1
2026-08-26T22:30:00+09:00,CMP-S02-L01-01,S02,S02-L01,1,running,169.5332,483.0594,94.7729,36.4103,-0.5028,A,relation-reasoning-agent-eval-v3.1
2026-08-26T22:30:00+09:00,CMP-S02-L02-01,S02,S02-L02,1,running,187.7731,505.1427,103.3344,39.2378,-0.1676,A,relation-reasoning-agent-eval-v3.1
2026-08-26T22:30:00+09:00,CMP-S02-L03-01,S02,S02-L03,1,running,172.2203,395.8377,96.1064,37.1615,-0.8299,A,relation-reasoning-agent-eval-v3.1
2026-08-26T22:30:00+09:00,CMP-S02-L04-01,S02,S02-L04,1,running,164.2017,412.6929,95.9696,41.5689,-0.0667,A,relation-reasoning-agent-eval-v3.1
2026-08-26T22:30:00+09:00,CMP-S02-L05-01,S02,S02-L05,1,running,149.75,479.1019,100.7456,44.5472,0.78,A,relation-reasoning-agent-eval-v3.1
2026-08-26T22:40:00+09:00,CMP-S02-L01-01,S02,S02-L01,1,running,172.2693,471.1816,87.732,37.6924,-0.2654,A,relation-reasoning-agent-eval-v3.1
2026-08-26T22:40:00+09:00,CMP-S02-L02-01,S02,S02-L02,1,running,189.0555,506.6067,105.8494,36.9646,-0.5885,A,relation-reasoning-agent-eval-v3.1
2026-08-26T22:40:00+09:00,CMP-S02-L03-01,S02,S02-L03,1,running,176.0237,408.6599,94.1679,42.0966,0.084,A,relation-reasoning-agent-eval-v3.1
2026-08-26T22:40:00+09:00,CMP-S02-L04-01,S02,S02-L04,1,running,170.9422,437.7237,97.5438,44.599,0.4944,A,relation-reasoning-agent-eval-v3.1
2026-08-26T22:40:00+09:00,CMP-S02-L05-01,S02,S02-L05,1,running,164.2562,509.3916,91.4501,47.7486,1.3729,B,relation-reasoning-agent-eval-v3.1
2026-08-26T22:50:00+09:00,CMP-S02-L01-01,S02,S02-L01,1,running,184.5392,462.2975,92.2289,37.7064,-0.2628,A,relation-reasoning-agent-eval-v3.1
2026-08-26T22:50:00+09:00,CMP-S02-L02-01,S02,S02-L02,1,running,185.7141,479.1651,102.0176,37.6898,-0.4542,A,relation-reasoning-agent-eval-v3.1
2026-08-26T22:50:00+09:00,CMP-S02-L03-01,S02,S02-L03,1,running,193.2734,421.0419,95.0282,44.3895,0.5086,A,relation-reasoning-agent-eval-v3.1
2026-08-26T22:50:00+09:00,CMP-S02-L04-01,S02,S02-L04,1,running,166.3072,413.1033,100.1118,50.6309,1.6114,B,relation-reasoning-agent-eval-v3.1
2026-08-26T22:50:00+09:00,CMP-S02-L05-01,S02,S02-L05,1,running,162.0909,465.4536,93.2201,45.284,0.9165,A,relation-reasoning-agent-eval-v3.1
2026-08-26T23:00:00+09:00,CMP-S02-L01-01,S02,S02-L01,1,running,171.9979,447.3986,92.4124,33.8522,-0.9766,A,relation-reasoning-agent-eval-v3.1
2026-08-26T23:00:00+09:00,CMP-S02-L02-01,S02,S02-L02,1,running,177.014,490.7889,97.7709,36.745,-0.6292,A,relation-reasoning-agent-eval-v3.1
2026-08-26T23:00:00+09:00,CMP-S02-L03-01,S02,S02-L03,1,running,188.283,391.2553,94.3661,42.7963,0.2135,A,relation-reasoning-agent-eval-v3.1
2026-08-26T23:00:00+09:00,CMP-S02-L04-01,S02,S02-L04,1,running,175.9834,387.0314,102.5439,52.5764,1.9717,B,relation-reasoning-agent-eval-v3.1
2026-08-26T23:00:00+09:00,CMP-S02-L05-01,S02,S02-L05,1,running,168.3767,444.4483,91.4825,38.1239,-0.4095,A,relation-reasoning-agent-eval-v3.1
